<ticker>,<date>,<time>,<open>,<high>,<low>,<close>,<volume>,<OI> 
EICHERMOT_F2,01-11-2023,09:15:00,3329.6499,3329.6499,3329.6499,3329.6499,176,23275
EICHERMOT_F2,01-11-2023,09:21:00,3338.0,3338.0,3338.0,3338.0,350,23450
EICHERMOT_F2,01-11-2023,09:25:00,3338.05,3338.05,3338.05,3338.05,175,23800
EICHERMOT_F2,01-11-2023,09:33:00,3338.05,3338.05,3338.05,3338.05,175,23800
EICHERMOT_F2,01-11-2023,09:34:00,3329.1001,3329.1001,3325.0,3325.0,525,23800
EICHERMOT_F2,01-11-2023,09:40:00,3327.5,3327.5,3327.5,3327.5,175,23975
EICHERMOT_F2,01-11-2023,09:41:00,3325.0,3325.0,3325.0,3325.0,175,23975
EICHERMOT_F2,01-11-2023,09:42:00,3324.3999,3324.3999,3324.3999,3324.3999,175,23975
EICHERMOT_F2,01-11-2023,09:44:00,3317.95,3317.95,3317.95,3317.95,175,23975
EICHERMOT_F2,01-11-2023,09:45:00,3312.3501,3312.3501,3312.3501,3312.3501,350,24150
EICHERMOT_F2,01-11-2023,09:46:00,3310.05,3310.05,3310.05,3310.05,175,24150
EICHERMOT_F2,01-11-2023,09:48:00,3310.0,3310.0,3310.0,3310.0,350,24500
EICHERMOT_F2,01-11-2023,09:51:00,3305.8,3305.8,3305.8,3305.8,350,24325
EICHERMOT_F2,01-11-2023,09:53:00,3303.8501,3303.8501,3303.8501,3303.8501,175,24325
EICHERMOT_F2,01-11-2023,10:03:00,3303.8501,3303.8501,3303.8501,3303.8501,175,24325
EICHERMOT_F2,01-11-2023,10:07:00,3315.05,3315.05,3315.05,3315.05,175,24500
EICHERMOT_F2,01-11-2023,10:55:00,3340.0,3340.0,3340.0,3340.0,175,24500
EICHERMOT_F2,01-11-2023,10:59:00,3341.5,3341.5,3341.5,3341.5,175,24500
EICHERMOT_F2,01-11-2023,11:01:00,3341.5,3341.5,3341.5,3341.5,175,24500
EICHERMOT_F2,01-11-2023,11:09:00,3335.1001,3335.1001,3335.1001,3335.1001,350,24675
EICHERMOT_F2,01-11-2023,11:36:00,3335.0,3335.0,3335.0,3335.0,350,24850
EICHERMOT_F2,01-11-2023,11:47:00,3336.8999,3336.8999,3336.8999,3336.8999,175,24850
EICHERMOT_F2,01-11-2023,12:40:00,3331.3501,3331.3501,3331.3501,3331.3501,700,25025
EICHERMOT_F2,01-11-2023,12:45:00,3328.1001,3328.1001,3328.1001,3328.1001,175,25550
EICHERMOT_F2,01-11-2023,12:52:00,3331.75,3331.75,3331.75,3331.75,175,25550
EICHERMOT_F2,01-11-2023,12:59:00,3336.05,3336.05,3336.05,3336.05,175,25550
EICHERMOT_F2,01-11-2023,13:10:00,3336.0,3336.0,3336.0,3336.0,175,25550
EICHERMOT_F2,01-11-2023,13:18:00,3330.8999,3330.8999,3330.8999,3330.8999,175,25375
EICHERMOT_F2,01-11-2023,13:33:00,3331.3501,3331.3501,3331.3501,3331.3501,175,25550
EICHERMOT_F2,01-11-2023,13:36:00,3331.2,3331.2,3331.2,3331.2,175,25550
EICHERMOT_F2,01-11-2023,13:48:00,3337.2,3337.2,3337.2,3337.2,175,25550
EICHERMOT_F2,01-11-2023,13:51:00,3337.95,3339.0,3337.95,3339.0,350,25725
EICHERMOT_F2,01-11-2023,13:55:00,3339.0,3339.0,3339.0,3339.0,350,25900
EICHERMOT_F2,01-11-2023,13:56:00,3337.2,3337.2,3337.2,3337.2,525,25900
EICHERMOT_F2,01-11-2023,13:57:00,3331.3999,3331.3999,3331.3999,3331.3999,175,26775
EICHERMOT_F2,01-11-2023,13:59:00,3331.6499,3331.6499,3331.6499,3331.6499,175,26775
EICHERMOT_F2,01-11-2023,14:01:00,3333.2,3333.2,3333.2,3333.2,175,27125
EICHERMOT_F2,01-11-2023,14:17:00,3331.45,3331.45,3331.45,3331.45,175,27300
EICHERMOT_F2,01-11-2023,14:42:00,3327.0,3327.0,3327.0,3327.0,175,27475
EICHERMOT_F2,01-11-2023,14:54:00,3324.8,3324.8,3324.8,3324.8,175,27300
EICHERMOT_F2,01-11-2023,14:55:00,3324.1499,3324.1499,3324.1499,3324.1499,175,27300
EICHERMOT_F2,01-11-2023,14:57:00,3318.55,3318.55,3318.55,3318.55,350,27125
EICHERMOT_F2,01-11-2023,15:28:00,3309.3,3309.3,3309.3,3309.3,175,26950
EICHERMOT_F2,02-11-2023,09:16:00,3330.0,3330.0,3328.75,3328.75,702,26775
EICHERMOT_F2,02-11-2023,09:17:00,3325.55,3325.55,3325.55,3325.55,175,26425
EICHERMOT_F2,02-11-2023,09:20:00,3325.55,3325.55,3325.55,3325.55,175,26250
EICHERMOT_F2,02-11-2023,09:22:00,3332.75,3332.75,3332.75,3332.75,700,26250
EICHERMOT_F2,02-11-2023,09:32:00,3325.05,3325.05,3325.05,3325.05,350,26600
EICHERMOT_F2,02-11-2023,09:36:00,3325.05,3325.05,3325.05,3325.05,175,26775
EICHERMOT_F2,02-11-2023,09:37:00,3328.25,3328.25,3328.25,3328.25,175,26775
EICHERMOT_F2,02-11-2023,09:38:00,3336.7,3336.7,3336.7,3336.7,175,26950
EICHERMOT_F2,02-11-2023,09:44:00,3336.7,3336.7,3336.7,3336.7,175,27125
EICHERMOT_F2,02-11-2023,09:45:00,3329.1001,3329.1001,3329.1001,3329.1001,175,27125
EICHERMOT_F2,02-11-2023,09:50:00,3327.1499,3333.0,3327.1499,3333.0,525,27300
EICHERMOT_F2,02-11-2023,09:52:00,3328.8999,3328.8999,3328.8999,3328.8999,525,27300
EICHERMOT_F2,02-11-2023,09:58:00,3328.1001,3328.1001,3328.1001,3328.1001,175,27650
EICHERMOT_F2,02-11-2023,09:59:00,3332.1499,3332.1499,3332.1499,3332.1499,700,27650
EICHERMOT_F2,02-11-2023,10:03:00,3334.0,3334.0,3334.0,3334.0,175,28525
EICHERMOT_F2,02-11-2023,10:05:00,3328.05,3328.05,3328.05,3328.05,525,28525
EICHERMOT_F2,02-11-2023,10:06:00,3326.5,3326.5,3326.5,3326.5,350,29050
EICHERMOT_F2,02-11-2023,10:10:00,3325.0,3325.0,3325.0,3325.0,175,29400
EICHERMOT_F2,02-11-2023,10:14:00,3320.25,3320.25,3320.25,3320.25,175,29575
EICHERMOT_F2,02-11-2023,10:22:00,3320.25,3320.25,3320.25,3320.25,175,29575
EICHERMOT_F2,02-11-2023,10:33:00,3323.7,3323.7,3323.7,3323.7,175,29575
EICHERMOT_F2,02-11-2023,10:36:00,3321.1499,3321.1499,3321.1499,3321.1499,175,29750
EICHERMOT_F2,02-11-2023,10:51:00,3320.0,3320.0,3320.0,3320.0,175,29750
EICHERMOT_F2,02-11-2023,10:54:00,3317.0,3317.0,3317.0,3317.0,1050,29925
EICHERMOT_F2,02-11-2023,10:55:00,3316.3999,3316.3999,3316.3999,3316.3999,350,29925
EICHERMOT_F2,02-11-2023,10:56:00,3316.6499,3316.6499,3316.6499,3316.6499,175,29925
EICHERMOT_F2,02-11-2023,11:00:00,3315.25,3315.25,3314.95,3314.95,875,31500
EICHERMOT_F2,02-11-2023,11:01:00,3314.8999,3314.8999,3314.8999,3314.8999,700,31500
EICHERMOT_F2,02-11-2023,11:02:00,3314.8999,3314.8999,3314.8999,3314.8999,175,31500
EICHERMOT_F2,02-11-2023,11:05:00,3326.8501,3326.8501,3326.8501,3326.8501,350,31500
EICHERMOT_F2,02-11-2023,11:07:00,3332.7,3332.7,3332.7,3332.7,175,31500
EICHERMOT_F2,02-11-2023,11:10:00,3338.7,3338.7,3338.7,3338.7,1400,31675
EICHERMOT_F2,02-11-2023,11:11:00,3340.8999,3340.8999,3340.8999,3340.8999,175,31675
EICHERMOT_F2,02-11-2023,11:13:00,3343.3501,3343.3501,3343.3501,3343.3501,875,31325
EICHERMOT_F2,02-11-2023,11:14:00,3343.3501,3343.3501,3343.3501,3343.3501,700,31325
EICHERMOT_F2,02-11-2023,11:15:00,3339.6001,3339.6001,3339.6001,3339.6001,175,30975
EICHERMOT_F2,02-11-2023,11:17:00,3342.0,3342.0,3342.0,3342.0,350,30975
EICHERMOT_F2,02-11-2023,11:21:00,3346.3,3346.3,3346.3,3346.3,175,30800
EICHERMOT_F2,02-11-2023,11:22:00,3350.0,3350.0,3350.0,3350.0,1400,30800
EICHERMOT_F2,02-11-2023,11:28:00,3351.0,3351.0,3351.0,3351.0,175,31325
EICHERMOT_F2,02-11-2023,11:38:00,3351.0,3355.7,3351.0,3355.7,1925,31150
EICHERMOT_F2,02-11-2023,12:08:00,3347.25,3347.25,3347.25,3347.25,350,31325
EICHERMOT_F2,02-11-2023,12:13:00,3355.0,3355.0,3355.0,3355.0,175,31325
EICHERMOT_F2,02-11-2023,13:18:00,3353.6001,3355.0,3353.6001,3355.0,350,31150
EICHERMOT_F2,02-11-2023,13:25:00,3357.6001,3357.6001,3357.6001,3357.6001,175,31150
EICHERMOT_F2,02-11-2023,13:26:00,3364.0,3364.0,3364.0,3364.0,350,31150
EICHERMOT_F2,02-11-2023,13:32:00,3364.0,3366.6001,3364.0,3366.6001,1925,30975
EICHERMOT_F2,02-11-2023,14:36:00,3367.0,3367.0,3367.0,3367.0,525,31850
EICHERMOT_F2,02-11-2023,14:37:00,3369.0,3369.0,3369.0,3369.0,175,31850
EICHERMOT_F2,02-11-2023,14:38:00,3369.0,3369.0,3369.0,3369.0,175,31850
EICHERMOT_F2,02-11-2023,14:41:00,3364.6001,3364.6001,3364.6001,3364.6001,175,31850
EICHERMOT_F2,02-11-2023,14:43:00,3367.6499,3367.6499,3367.6499,3367.6499,175,32025
EICHERMOT_F2,02-11-2023,14:56:00,3368.0,3368.0,3368.0,3368.0,175,32200
EICHERMOT_F2,02-11-2023,15:07:00,3365.5,3365.5,3365.5,3365.5,175,32200
EICHERMOT_F2,02-11-2023,15:09:00,3368.0,3368.0,3368.0,3368.0,175,32200
EICHERMOT_F2,02-11-2023,15:15:00,3366.25,3366.25,3366.25,3366.25,175,31850
EICHERMOT_F2,02-11-2023,15:16:00,3369.95,3369.95,3369.95,3369.95,175,31850
EICHERMOT_F2,02-11-2023,15:26:00,3369.95,3369.95,3369.95,3369.95,700,31500
EICHERMOT_F2,02-11-2023,15:29:00,3375.0,3375.0,3375.0,3375.0,700,30975
EICHERMOT_F2,03-11-2023,09:16:00,3392.75,3394.0,3392.75,3394.0,352,30275
EICHERMOT_F2,03-11-2023,09:17:00,3396.0,3396.0,3396.0,3396.0,175,30275
EICHERMOT_F2,03-11-2023,09:18:00,3396.0,3396.0,3392.55,3392.55,525,30450
EICHERMOT_F2,03-11-2023,09:19:00,3394.55,3394.55,3394.55,3394.55,175,30450
EICHERMOT_F2,03-11-2023,09:22:00,3396.5,3396.5,3396.5,3396.5,700,30625
EICHERMOT_F2,03-11-2023,09:23:00,3394.2,3394.2,3394.2,3394.2,525,30800
EICHERMOT_F2,03-11-2023,09:25:00,3389.25,3389.25,3389.25,3389.25,175,30800
EICHERMOT_F2,03-11-2023,09:27:00,3389.25,3389.25,3389.25,3389.25,350,30800
EICHERMOT_F2,03-11-2023,09:30:00,3390.1499,3395.45,3390.1499,3395.45,525,30800
EICHERMOT_F2,03-11-2023,09:33:00,3397.0,3397.0,3397.0,3397.0,175,30800
EICHERMOT_F2,03-11-2023,09:34:00,3397.7,3397.7,3397.7,3397.7,175,30800
EICHERMOT_F2,03-11-2023,09:39:00,3397.7,3397.7,3397.7,3397.7,175,30975
EICHERMOT_F2,03-11-2023,09:40:00,3395.6499,3395.6499,3395.6499,3395.6499,350,30975
EICHERMOT_F2,03-11-2023,09:43:00,3405.0,3408.6001,3405.0,3408.6001,350,30625
EICHERMOT_F2,03-11-2023,09:48:00,3408.6001,3408.6001,3408.6001,3408.6001,350,30625
EICHERMOT_F2,03-11-2023,09:51:00,3402.0,3402.0,3402.0,3402.0,175,30625
EICHERMOT_F2,03-11-2023,09:53:00,3398.25,3398.25,3398.25,3398.25,175,30625
EICHERMOT_F2,03-11-2023,10:04:00,3404.5,3404.5,3402.0,3402.0,350,30800
EICHERMOT_F2,03-11-2023,10:09:00,3409.8501,3409.8501,3409.8501,3409.8501,175,30800
EICHERMOT_F2,03-11-2023,10:41:00,3410.0,3410.0,3410.0,3410.0,1925,30800
EICHERMOT_F2,03-11-2023,10:42:00,3412.3,3412.3,3412.3,3412.3,175,30450
EICHERMOT_F2,03-11-2023,10:44:00,3412.3,3412.3,3412.3,3412.3,175,30450
EICHERMOT_F2,03-11-2023,10:49:00,3420.0,3420.0,3420.0,3420.0,350,30275
EICHERMOT_F2,03-11-2023,10:55:00,3420.0,3420.0,3420.0,3420.0,175,30100
EICHERMOT_F2,03-11-2023,10:58:00,3420.0,3420.0,3420.0,3420.0,350,30100
EICHERMOT_F2,03-11-2023,11:00:00,3421.8,3421.8,3421.8,3421.8,350,29925
EICHERMOT_F2,03-11-2023,11:03:00,3423.75,3423.75,3423.75,3423.75,175,30100
EICHERMOT_F2,03-11-2023,11:05:00,3425.0,3425.0,3425.0,3425.0,175,30100
EICHERMOT_F2,03-11-2023,11:07:00,3429.0,3429.0,3429.0,3429.0,175,29925
EICHERMOT_F2,03-11-2023,11:14:00,3435.8999,3440.25,3435.8999,3440.25,525,30100
EICHERMOT_F2,03-11-2023,11:15:00,3438.6499,3448.0,3438.6499,3448.0,1225,30100
EICHERMOT_F2,03-11-2023,11:17:00,3454.0,3454.0,3454.0,3454.0,875,30100
EICHERMOT_F2,03-11-2023,11:18:00,3454.0,3454.0,3451.0,3451.0,350,29575
EICHERMOT_F2,03-11-2023,11:21:00,3459.05,3459.05,3459.05,3459.05,350,29575
EICHERMOT_F2,03-11-2023,11:22:00,3463.55,3463.55,3463.55,3463.55,175,29575
EICHERMOT_F2,03-11-2023,11:30:00,3463.55,3463.55,3463.55,3463.55,175,29575
EICHERMOT_F2,03-11-2023,11:31:00,3452.5,3452.5,3452.5,3452.5,175,29575
EICHERMOT_F2,03-11-2023,11:32:00,3459.8,3459.8,3459.8,3459.8,175,29575
EICHERMOT_F2,03-11-2023,11:37:00,3456.6499,3456.6499,3456.6499,3456.6499,175,29575
EICHERMOT_F2,03-11-2023,11:39:00,3452.5,3452.5,3452.5,3452.5,1400,29750
EICHERMOT_F2,03-11-2023,11:40:00,3460.0,3460.0,3460.0,3460.0,175,29750
EICHERMOT_F2,03-11-2023,11:45:00,3460.0,3460.0,3460.0,3460.0,175,29050
EICHERMOT_F2,03-11-2023,11:53:00,3460.0,3460.0,3460.0,3460.0,175,29225
EICHERMOT_F2,03-11-2023,12:15:00,3450.0,3450.0,3450.0,3450.0,175,29400
EICHERMOT_F2,03-11-2023,12:30:00,3448.0,3448.0,3448.0,3448.0,175,29225
EICHERMOT_F2,03-11-2023,12:31:00,3442.3,3442.3,3442.3,3442.3,700,29225
EICHERMOT_F2,03-11-2023,12:36:00,3442.3,3442.3,3442.3,3442.3,175,29050
EICHERMOT_F2,03-11-2023,12:38:00,3442.3999,3442.3999,3442.3999,3442.3999,350,29050
EICHERMOT_F2,03-11-2023,12:39:00,3445.6001,3445.6001,3445.6001,3445.6001,175,29050
EICHERMOT_F2,03-11-2023,12:45:00,3445.1001,3445.1001,3445.1001,3445.1001,350,29050
EICHERMOT_F2,03-11-2023,13:36:00,3449.0,3449.0,3449.0,3449.0,175,29225
EICHERMOT_F2,03-11-2023,13:37:00,3449.0,3449.0,3449.0,3449.0,525,29225
EICHERMOT_F2,03-11-2023,13:47:00,3452.6499,3452.6499,3452.6499,3452.6499,1400,29400
EICHERMOT_F2,03-11-2023,13:53:00,3462.0,3464.3999,3462.0,3464.3999,875,29925
EICHERMOT_F2,03-11-2023,13:56:00,3466.0,3466.0,3466.0,3466.0,525,29225
EICHERMOT_F2,03-11-2023,14:01:00,3469.0,3474.95,3469.0,3474.95,1225,29225
EICHERMOT_F2,03-11-2023,14:02:00,3474.95,3474.95,3470.75,3470.75,700,29225
EICHERMOT_F2,03-11-2023,14:03:00,3470.05,3470.05,3470.05,3470.05,525,29575
EICHERMOT_F2,03-11-2023,14:06:00,3470.05,3473.0,3470.05,3473.0,2800,29225
EICHERMOT_F2,03-11-2023,14:07:00,3473.95,3474.45,3473.95,3474.45,350,29225
EICHERMOT_F2,03-11-2023,14:08:00,3473.0,3473.0,3473.0,3473.0,175,29225
EICHERMOT_F2,03-11-2023,14:10:00,3474.0,3474.0,3474.0,3474.0,350,29225
EICHERMOT_F2,03-11-2023,14:11:00,3474.8,3478.2,3474.8,3478.2,875,29225
EICHERMOT_F2,03-11-2023,14:12:00,3478.55,3481.25,3478.55,3481.25,700,28000
EICHERMOT_F2,03-11-2023,14:14:00,3481.25,3481.25,3481.25,3481.25,175,28000
EICHERMOT_F2,03-11-2023,14:17:00,3470.6499,3470.6499,3470.6499,3470.6499,175,28000
EICHERMOT_F2,03-11-2023,14:19:00,3472.55,3472.55,3472.55,3472.55,175,28000
EICHERMOT_F2,03-11-2023,14:23:00,3473.6499,3473.6499,3473.6499,3473.6499,350,28175
EICHERMOT_F2,03-11-2023,14:25:00,3473.6499,3473.6499,3473.6499,3473.6499,175,28350
EICHERMOT_F2,03-11-2023,14:28:00,3472.05,3472.05,3472.05,3472.05,175,28350
EICHERMOT_F2,03-11-2023,14:29:00,3474.8501,3475.8999,3474.8501,3475.8999,350,28350
EICHERMOT_F2,03-11-2023,14:34:00,3471.45,3471.45,3471.45,3471.45,350,28525
EICHERMOT_F2,03-11-2023,14:36:00,3465.0,3465.0,3465.0,3465.0,175,28525
EICHERMOT_F2,03-11-2023,14:38:00,3463.7,3463.7,3463.7,3463.7,175,28700
EICHERMOT_F2,03-11-2023,14:39:00,3460.1001,3460.1001,3460.1001,3460.1001,350,28525
EICHERMOT_F2,03-11-2023,14:41:00,3455.0,3456.7,3455.0,3456.7,525,28525
EICHERMOT_F2,03-11-2023,14:47:00,3455.0,3455.0,3453.5,3453.5,350,28000
EICHERMOT_F2,03-11-2023,14:49:00,3455.0,3455.0,3455.0,3455.0,175,28000
EICHERMOT_F2,03-11-2023,14:52:00,3450.75,3450.75,3450.75,3450.75,175,28175
EICHERMOT_F2,03-11-2023,14:53:00,3450.1001,3450.1001,3450.1001,3450.1001,350,28175
EICHERMOT_F2,03-11-2023,14:56:00,3459.8999,3459.8999,3459.8999,3459.8999,175,28000
EICHERMOT_F2,03-11-2023,15:06:00,3454.3,3454.3,3451.5,3451.5,350,28000
EICHERMOT_F2,03-11-2023,15:08:00,3456.8501,3456.8501,3456.8501,3456.8501,350,27825
EICHERMOT_F2,03-11-2023,15:24:00,3453.8501,3453.8501,3453.8501,3453.8501,175,27825
EICHERMOT_F2,03-11-2023,15:26:00,3447.55,3447.55,3447.55,3447.55,700,27825
EICHERMOT_F2,06-11-2023,09:15:00,3469.55,3469.55,3467.95,3467.95,1226,27300
EICHERMOT_F2,06-11-2023,09:17:00,3475.55,3475.55,3475.55,3475.55,175,27825
EICHERMOT_F2,06-11-2023,09:19:00,3500.0,3500.0,3500.0,3500.0,525,27825
EICHERMOT_F2,06-11-2023,09:22:00,3510.0,3510.0,3510.0,3510.0,175,27650
EICHERMOT_F2,06-11-2023,09:25:00,3510.0,3510.0,3510.0,3510.0,175,27475
EICHERMOT_F2,06-11-2023,09:27:00,3510.0,3510.0,3510.0,3510.0,175,27475
EICHERMOT_F2,06-11-2023,09:29:00,3500.0,3500.0,3500.0,3500.0,525,27475
EICHERMOT_F2,06-11-2023,09:33:00,3515.8,3515.8,3515.8,3515.8,175,27825
EICHERMOT_F2,06-11-2023,09:34:00,3518.0,3519.8999,3518.0,3519.8999,350,27825
EICHERMOT_F2,06-11-2023,09:36:00,3520.5,3520.5,3520.5,3520.5,175,28000
EICHERMOT_F2,06-11-2023,09:37:00,3523.8,3523.8,3523.8,3523.8,350,28000
EICHERMOT_F2,06-11-2023,09:38:00,3525.0,3525.0,3525.0,3525.0,525,28000
EICHERMOT_F2,06-11-2023,09:39:00,3530.3999,3530.3999,3530.3999,3530.3999,175,28875
EICHERMOT_F2,06-11-2023,09:40:00,3535.0,3536.3,3530.0,3530.0,3675,28875
EICHERMOT_F2,06-11-2023,09:41:00,3521.75,3521.75,3521.75,3521.75,175,30100
EICHERMOT_F2,06-11-2023,09:43:00,3537.0,3537.0,3537.0,3537.0,175,30100
EICHERMOT_F2,06-11-2023,09:44:00,3537.95,3537.95,3537.95,3537.95,350,29925
EICHERMOT_F2,06-11-2023,09:46:00,3535.0,3535.0,3535.0,3535.0,175,29925
EICHERMOT_F2,06-11-2023,09:47:00,3538.0,3538.45,3538.0,3538.45,350,29925
EICHERMOT_F2,06-11-2023,09:51:00,3538.45,3538.45,3538.45,3538.45,175,30100
EICHERMOT_F2,06-11-2023,09:52:00,3535.0,3535.0,3535.0,3535.0,525,30100
EICHERMOT_F2,06-11-2023,09:58:00,3525.0,3525.0,3525.0,3525.0,175,30450
EICHERMOT_F2,06-11-2023,10:00:00,3526.1001,3526.1001,3526.1001,3526.1001,175,30450
EICHERMOT_F2,06-11-2023,10:03:00,3525.8999,3525.8999,3525.8999,3525.8999,175,30450
EICHERMOT_F2,06-11-2023,10:04:00,3525.8999,3525.8999,3525.8999,3525.8999,175,30625
EICHERMOT_F2,06-11-2023,10:05:00,3528.95,3528.95,3528.95,3528.95,175,30625
EICHERMOT_F2,06-11-2023,10:10:00,3530.6001,3530.6001,3530.6001,3530.6001,175,30625
EICHERMOT_F2,06-11-2023,10:19:00,3544.6001,3544.6001,3544.6001,3544.6001,700,30625
EICHERMOT_F2,06-11-2023,10:23:00,3544.6001,3544.6001,3544.6001,3544.6001,175,31150
EICHERMOT_F2,06-11-2023,10:24:00,3544.1499,3544.1499,3544.1499,3544.1499,175,31150
EICHERMOT_F2,06-11-2023,10:34:00,3539.05,3539.05,3539.05,3539.05,175,31150
EICHERMOT_F2,06-11-2023,10:35:00,3539.1001,3545.0,3539.1001,3545.0,350,31150
EICHERMOT_F2,06-11-2023,10:39:00,3545.0,3545.0,3545.0,3545.0,175,31500
EICHERMOT_F2,06-11-2023,10:41:00,3543.0,3543.0,3543.0,3543.0,175,31500
EICHERMOT_F2,06-11-2023,10:47:00,3542.95,3543.0,3542.95,3543.0,1750,31150
EICHERMOT_F2,06-11-2023,10:48:00,3543.0,3549.05,3543.0,3549.05,1050,31150
EICHERMOT_F2,06-11-2023,10:49:00,3550.0,3550.0,3550.0,3550.0,175,31150
EICHERMOT_F2,06-11-2023,10:50:00,3550.0,3550.0,3550.0,3550.0,350,31150
EICHERMOT_F2,06-11-2023,10:51:00,3543.8,3543.8,3543.8,3543.8,175,29750
EICHERMOT_F2,06-11-2023,11:00:00,3550.0,3550.0,3550.0,3550.0,350,29750
EICHERMOT_F2,06-11-2023,11:01:00,3549.0,3549.0,3548.8,3548.8,350,29750
EICHERMOT_F2,06-11-2023,11:08:00,3550.0,3550.0,3550.0,3550.0,350,30275
EICHERMOT_F2,06-11-2023,11:09:00,3550.95,3550.95,3550.95,3550.95,525,30275
EICHERMOT_F2,06-11-2023,11:10:00,3551.0,3551.0,3551.0,3551.0,175,30275
EICHERMOT_F2,06-11-2023,11:13:00,3555.0,3555.0,3555.0,3555.0,175,29925
EICHERMOT_F2,06-11-2023,11:17:00,3558.7,3558.7,3558.7,3558.7,175,30100
EICHERMOT_F2,06-11-2023,11:18:00,3558.7,3558.7,3558.7,3558.7,175,29925
EICHERMOT_F2,06-11-2023,11:25:00,3557.3501,3557.3501,3557.3501,3557.3501,175,30100
EICHERMOT_F2,06-11-2023,11:26:00,3560.0,3560.0,3560.0,3560.0,175,30100
EICHERMOT_F2,06-11-2023,11:29:00,3563.3,3563.3,3563.3,3563.3,350,30275
EICHERMOT_F2,06-11-2023,11:31:00,3563.3,3563.3,3563.3,3563.3,175,30450
EICHERMOT_F2,06-11-2023,11:33:00,3566.05,3566.05,3566.05,3566.05,350,30450
EICHERMOT_F2,06-11-2023,11:34:00,3566.05,3566.05,3561.7,3561.7,350,30450
EICHERMOT_F2,06-11-2023,11:36:00,3565.0,3565.0,3565.0,3565.0,175,30450
EICHERMOT_F2,06-11-2023,11:42:00,3561.05,3561.05,3561.05,3561.05,175,30275
EICHERMOT_F2,06-11-2023,11:49:00,3560.7,3560.7,3560.7,3560.7,175,30275
EICHERMOT_F2,06-11-2023,12:16:00,3560.7,3560.7,3560.7,3560.7,175,30275
EICHERMOT_F2,06-11-2023,12:22:00,3564.0,3564.0,3564.0,3564.0,350,30450
EICHERMOT_F2,06-11-2023,12:25:00,3564.8999,3564.8999,3564.8999,3564.8999,175,30450
EICHERMOT_F2,06-11-2023,12:38:00,3570.0,3570.0,3570.0,3570.0,525,30625
EICHERMOT_F2,06-11-2023,12:40:00,3570.0,3570.0,3570.0,3570.0,175,30800
EICHERMOT_F2,06-11-2023,12:50:00,3571.8,3571.8,3571.8,3571.8,175,30975
EICHERMOT_F2,06-11-2023,12:52:00,3571.8,3571.8,3567.55,3567.55,525,31150
EICHERMOT_F2,06-11-2023,13:03:00,3562.5,3562.5,3562.5,3562.5,175,31150
EICHERMOT_F2,06-11-2023,13:06:00,3565.0,3565.0,3565.0,3565.0,175,31150
EICHERMOT_F2,06-11-2023,13:09:00,3565.2,3565.2,3565.2,3565.2,175,31150
EICHERMOT_F2,06-11-2023,13:12:00,3565.2,3565.2,3565.2,3565.2,175,31325
EICHERMOT_F2,06-11-2023,13:16:00,3564.0,3564.0,3564.0,3564.0,175,31325
EICHERMOT_F2,06-11-2023,13:18:00,3564.0,3564.0,3564.0,3564.0,175,31325
EICHERMOT_F2,06-11-2023,13:40:00,3561.1001,3561.1001,3561.1001,3561.1001,175,31325
EICHERMOT_F2,06-11-2023,13:54:00,3551.55,3551.55,3551.55,3551.55,175,31325
EICHERMOT_F2,06-11-2023,14:00:00,3550.0,3550.0,3550.0,3550.0,350,31500
EICHERMOT_F2,06-11-2023,14:04:00,3550.3501,3550.3501,3550.3501,3550.3501,175,31150
EICHERMOT_F2,06-11-2023,14:36:00,3550.3501,3550.3501,3550.3501,3550.3501,175,30975
EICHERMOT_F2,06-11-2023,14:42:00,3555.0,3555.0,3555.0,3555.0,175,31150
EICHERMOT_F2,06-11-2023,14:49:00,3551.0,3551.0,3551.0,3551.0,175,31150
EICHERMOT_F2,06-11-2023,14:50:00,3550.0,3550.0,3550.0,3550.0,175,31150
EICHERMOT_F2,06-11-2023,15:00:00,3550.1499,3550.1499,3550.1499,3550.1499,350,30975
EICHERMOT_F2,06-11-2023,15:13:00,3548.2,3548.2,3548.2,3548.2,175,31150
EICHERMOT_F2,06-11-2023,15:15:00,3548.2,3549.8999,3548.2,3549.8999,700,31150
EICHERMOT_F2,06-11-2023,15:17:00,3546.45,3546.5,3546.45,3546.5,350,31150
EICHERMOT_F2,06-11-2023,15:23:00,3547.0,3547.0,3547.0,3547.0,700,31500
EICHERMOT_F2,06-11-2023,15:24:00,3547.0,3547.0,3547.0,3547.0,175,31500
EICHERMOT_F2,06-11-2023,15:26:00,3548.0,3548.0,3548.0,3548.0,350,30975
EICHERMOT_F2,06-11-2023,15:27:00,3547.75,3547.75,3547.75,3547.75,175,30975
EICHERMOT_F2,06-11-2023,15:28:00,3547.0,3547.0,3547.0,3547.0,525,30800
EICHERMOT_F2,07-11-2023,09:15:00,3540.55,3540.75,3537.95,3540.75,702,29925
EICHERMOT_F2,07-11-2023,09:16:00,3540.75,3540.75,3537.55,3537.55,700,29925
EICHERMOT_F2,07-11-2023,09:17:00,3538.1499,3538.1499,3538.1499,3538.1499,175,29925
EICHERMOT_F2,07-11-2023,09:19:00,3545.0,3545.0,3545.0,3545.0,175,30450
EICHERMOT_F2,07-11-2023,09:20:00,3545.0,3545.0,3545.0,3545.0,175,30450
EICHERMOT_F2,07-11-2023,09:22:00,3545.0,3545.0,3545.0,3545.0,175,30450
EICHERMOT_F2,07-11-2023,09:26:00,3540.3999,3540.3999,3540.0,3540.0,525,30275
EICHERMOT_F2,07-11-2023,09:28:00,3536.0,3536.0,3536.0,3536.0,350,30450
EICHERMOT_F2,07-11-2023,09:30:00,3530.0,3530.0,3530.0,3530.0,175,30625
EICHERMOT_F2,07-11-2023,09:31:00,3528.1001,3528.1001,3528.1001,3528.1001,175,30625
EICHERMOT_F2,07-11-2023,09:34:00,3528.1001,3528.1001,3528.1001,3528.1001,175,30450
EICHERMOT_F2,07-11-2023,09:35:00,3529.2,3529.2,3529.2,3529.2,875,30450
EICHERMOT_F2,07-11-2023,09:36:00,3526.7,3526.7,3526.7,3526.7,1225,30625
EICHERMOT_F2,07-11-2023,09:38:00,3530.0,3530.0,3530.0,3530.0,350,30625
EICHERMOT_F2,07-11-2023,09:44:00,3533.0,3533.0,3533.0,3533.0,350,31325
EICHERMOT_F2,07-11-2023,09:45:00,3532.0,3532.0,3532.0,3532.0,175,31675
EICHERMOT_F2,07-11-2023,09:52:00,3531.0,3531.0,3531.0,3531.0,175,31675
EICHERMOT_F2,07-11-2023,09:54:00,3528.3501,3528.3501,3528.3501,3528.3501,175,31500
EICHERMOT_F2,07-11-2023,09:55:00,3530.0,3530.1001,3530.0,3530.1001,525,31500
EICHERMOT_F2,07-11-2023,09:56:00,3528.3,3528.3,3528.3,3528.3,175,31500
EICHERMOT_F2,07-11-2023,09:58:00,3526.5,3526.5,3526.5,3526.5,1925,30975
EICHERMOT_F2,07-11-2023,09:59:00,3526.5,3526.5,3526.5,3526.5,1750,30975
EICHERMOT_F2,07-11-2023,10:00:00,3525.75,3525.75,3524.55,3524.55,350,31325
EICHERMOT_F2,07-11-2023,10:01:00,3524.55,3524.55,3524.55,3524.55,175,31325
EICHERMOT_F2,07-11-2023,10:06:00,3529.8501,3529.8501,3529.8501,3529.8501,175,31325
EICHERMOT_F2,07-11-2023,10:10:00,3541.0,3541.0,3541.0,3541.0,175,31325
EICHERMOT_F2,07-11-2023,10:11:00,3545.0,3545.0,3545.0,3545.0,525,31325
EICHERMOT_F2,07-11-2023,10:12:00,3550.0,3550.1001,3550.0,3550.1001,350,31325
EICHERMOT_F2,07-11-2023,10:13:00,3554.3999,3554.3999,3554.3999,3554.3999,175,31325
EICHERMOT_F2,07-11-2023,10:14:00,3554.3999,3560.0,3554.3999,3560.0,875,31325
EICHERMOT_F2,07-11-2023,10:17:00,3560.0,3560.0,3560.0,3560.0,175,31500
EICHERMOT_F2,07-11-2023,10:30:00,3554.25,3554.25,3554.25,3554.25,175,31325
EICHERMOT_F2,07-11-2023,10:31:00,3557.3999,3557.3999,3557.3999,3557.3999,175,31325
EICHERMOT_F2,07-11-2023,10:46:00,3557.0,3557.0,3557.0,3557.0,2625,31500
EICHERMOT_F2,07-11-2023,10:49:00,3557.0,3557.0,3557.0,3557.0,175,31850
EICHERMOT_F2,07-11-2023,10:50:00,3557.0,3557.0,3557.0,3557.0,175,31850
EICHERMOT_F2,07-11-2023,10:52:00,3553.8501,3553.8501,3553.8501,3553.8501,175,31850
EICHERMOT_F2,07-11-2023,11:03:00,3547.8,3547.8,3547.8,3547.8,175,31325
EICHERMOT_F2,07-11-2023,11:10:00,3555.0,3555.0,3555.0,3555.0,175,31325
EICHERMOT_F2,07-11-2023,11:16:00,3553.8501,3553.8501,3553.8501,3553.8501,175,31325
EICHERMOT_F2,07-11-2023,11:24:00,3555.5,3555.5,3555.5,3555.5,350,31325
EICHERMOT_F2,07-11-2023,11:25:00,3562.0,3562.0,3562.0,3562.0,350,31325
EICHERMOT_F2,07-11-2023,11:29:00,3565.0,3569.8,3563.05,3563.05,1050,32025
EICHERMOT_F2,07-11-2023,11:33:00,3574.05,3574.05,3574.05,3574.05,175,31500
EICHERMOT_F2,07-11-2023,11:34:00,3574.05,3574.05,3574.05,3574.05,175,31500
EICHERMOT_F2,07-11-2023,11:36:00,3574.05,3574.05,3574.05,3574.05,175,31675
EICHERMOT_F2,07-11-2023,11:45:00,3555.0,3555.0,3555.0,3555.0,175,31675
EICHERMOT_F2,07-11-2023,12:08:00,3554.95,3554.95,3554.95,3554.95,175,31500
EICHERMOT_F2,07-11-2023,12:12:00,3563.1499,3563.1499,3563.1499,3563.1499,175,31500
EICHERMOT_F2,07-11-2023,12:19:00,3557.8,3557.8,3557.8,3557.8,175,31325
EICHERMOT_F2,07-11-2023,13:00:00,3561.3,3561.3,3561.3,3561.3,175,31500
EICHERMOT_F2,07-11-2023,13:26:00,3562.1001,3562.1001,3562.1001,3562.1001,175,31325
EICHERMOT_F2,07-11-2023,13:28:00,3558.7,3561.8,3558.7,3561.8,350,31500
EICHERMOT_F2,07-11-2023,13:37:00,3557.3,3557.3,3557.3,3557.3,175,31675
EICHERMOT_F2,07-11-2023,14:14:00,3550.0,3550.0,3550.0,3550.0,350,31675
EICHERMOT_F2,07-11-2023,14:24:00,3546.1499,3546.1499,3546.1499,3546.1499,175,31500
EICHERMOT_F2,07-11-2023,15:08:00,3545.0,3545.0,3545.0,3545.0,175,31675
EICHERMOT_F2,07-11-2023,15:10:00,3545.0,3545.0,3545.0,3545.0,175,31500
EICHERMOT_F2,07-11-2023,15:24:00,3548.0,3548.0,3548.0,3548.0,350,31325
EICHERMOT_F2,07-11-2023,15:28:00,3548.0,3548.0,3548.0,3548.0,350,31325
EICHERMOT_F2,08-11-2023,09:15:00,3535.75,3535.8501,3535.75,3535.8501,352,31150
EICHERMOT_F2,08-11-2023,09:17:00,3549.3999,3549.3999,3549.3999,3549.3999,350,31150
EICHERMOT_F2,08-11-2023,09:18:00,3555.0,3560.0,3555.0,3560.0,350,31500
EICHERMOT_F2,08-11-2023,09:20:00,3560.95,3560.95,3560.95,3560.95,175,31500
EICHERMOT_F2,08-11-2023,10:09:00,3560.95,3560.95,3560.95,3560.95,175,30975
EICHERMOT_F2,08-11-2023,10:44:00,3553.05,3553.05,3553.05,3553.05,175,30975
EICHERMOT_F2,08-11-2023,10:47:00,3554.45,3554.45,3554.45,3554.45,175,30975
EICHERMOT_F2,08-11-2023,11:03:00,3547.75,3547.75,3547.75,3547.75,175,30975
EICHERMOT_F2,08-11-2023,11:11:00,3551.3999,3551.3999,3551.3999,3551.3999,175,31150
EICHERMOT_F2,08-11-2023,11:41:00,3554.1001,3554.1001,3554.1001,3554.1001,175,30975
EICHERMOT_F2,08-11-2023,11:44:00,3555.0,3560.95,3555.0,3560.95,525,30975
EICHERMOT_F2,08-11-2023,11:47:00,3564.0,3564.0,3564.0,3564.0,175,30800
EICHERMOT_F2,08-11-2023,11:51:00,3580.0,3580.0,3580.0,3580.0,700,30800
EICHERMOT_F2,08-11-2023,11:55:00,3580.0,3580.0,3580.0,3580.0,350,31500
EICHERMOT_F2,08-11-2023,12:10:00,3570.0,3570.0,3570.0,3570.0,175,31500
EICHERMOT_F2,08-11-2023,12:25:00,3560.0,3560.0,3560.0,3560.0,175,31675
EICHERMOT_F2,08-11-2023,12:37:00,3563.0,3563.0,3563.0,3563.0,350,31675
EICHERMOT_F2,08-11-2023,12:47:00,3573.3999,3573.3999,3573.3999,3573.3999,175,31500
EICHERMOT_F2,08-11-2023,12:50:00,3578.0,3578.0,3578.0,3578.0,175,31500
EICHERMOT_F2,08-11-2023,12:52:00,3584.8999,3588.0,3584.8999,3588.0,350,31675
EICHERMOT_F2,08-11-2023,12:54:00,3593.0,3593.0,3593.0,3593.0,175,31675
EICHERMOT_F2,08-11-2023,12:57:00,3593.0,3593.0,3593.0,3593.0,175,32025
EICHERMOT_F2,08-11-2023,13:02:00,3584.8501,3584.8501,3584.8501,3584.8501,175,32025
EICHERMOT_F2,08-11-2023,13:03:00,3584.8,3584.8,3584.8,3584.8,175,32200
EICHERMOT_F2,08-11-2023,13:04:00,3584.25,3584.25,3584.25,3584.25,175,32200
EICHERMOT_F2,08-11-2023,13:05:00,3582.8999,3582.8999,3582.8999,3582.8999,350,32200
EICHERMOT_F2,08-11-2023,13:06:00,3583.1001,3583.1001,3583.1001,3583.1001,175,32200
EICHERMOT_F2,08-11-2023,13:07:00,3580.05,3580.05,3580.05,3580.05,175,32200
EICHERMOT_F2,08-11-2023,13:10:00,3584.0,3584.0,3584.0,3584.0,175,32375
EICHERMOT_F2,08-11-2023,13:16:00,3584.1001,3584.1001,3584.1001,3584.1001,175,32375
EICHERMOT_F2,08-11-2023,13:17:00,3585.75,3585.75,3585.75,3585.75,175,32375
EICHERMOT_F2,08-11-2023,13:18:00,3580.75,3580.75,3580.75,3580.75,175,32200
EICHERMOT_F2,08-11-2023,13:25:00,3585.0,3585.0,3585.0,3585.0,350,32025
EICHERMOT_F2,08-11-2023,13:26:00,3585.0,3585.0,3585.0,3585.0,350,32025
EICHERMOT_F2,08-11-2023,13:42:00,3585.0,3586.45,3585.0,3586.45,350,32200
EICHERMOT_F2,08-11-2023,13:43:00,3590.0,3590.0,3590.0,3590.0,175,32200
EICHERMOT_F2,08-11-2023,13:45:00,3593.05,3593.05,3593.05,3593.05,350,32200
EICHERMOT_F2,08-11-2023,14:19:00,3593.05,3593.05,3593.05,3593.05,175,32725
EICHERMOT_F2,08-11-2023,14:48:00,3580.8999,3580.8999,3580.8999,3580.8999,175,32725
EICHERMOT_F2,08-11-2023,15:06:00,3580.8999,3580.8999,3580.8999,3580.8999,175,32550
EICHERMOT_F2,08-11-2023,15:25:00,3582.2,3582.2,3582.2,3582.2,175,32375
EICHERMOT_F2,08-11-2023,15:27:00,3582.3,3582.3,3582.3,3582.3,175,32375
EICHERMOT_F2,08-11-2023,15:30:00,3582.0,3582.0,3582.0,3582.0,175,32200
EICHERMOT_F2,09-11-2023,09:15:00,3594.0,3594.0,3594.0,3594.0,176,32025
EICHERMOT_F2,09-11-2023,09:16:00,3581.8999,3581.8999,3581.8999,3581.8999,175,32025
EICHERMOT_F2,09-11-2023,09:20:00,3569.8999,3569.8999,3569.8999,3569.8999,175,32200
EICHERMOT_F2,09-11-2023,09:21:00,3565.6001,3565.6001,3565.6001,3565.6001,175,32025
EICHERMOT_F2,09-11-2023,09:22:00,3565.6001,3565.6001,3565.6001,3565.6001,175,32025
EICHERMOT_F2,09-11-2023,09:27:00,3565.6001,3565.6001,3565.6001,3565.6001,175,32025
EICHERMOT_F2,09-11-2023,09:46:00,3590.0,3590.0,3589.3,3589.3,350,31850
EICHERMOT_F2,09-11-2023,09:48:00,3593.5,3593.5,3593.5,3593.5,175,31675
EICHERMOT_F2,09-11-2023,10:04:00,3589.5,3589.5,3589.5,3589.5,175,31850
EICHERMOT_F2,09-11-2023,10:14:00,3594.0,3594.0,3594.0,3594.0,175,32025
EICHERMOT_F2,09-11-2023,10:15:00,3594.0,3600.0,3594.0,3600.0,525,32200
EICHERMOT_F2,09-11-2023,10:20:00,3600.0,3600.0,3600.0,3600.0,175,32200
EICHERMOT_F2,09-11-2023,10:23:00,3591.45,3591.45,3591.45,3591.45,175,32375
EICHERMOT_F2,09-11-2023,10:26:00,3585.8,3585.8,3585.8,3585.8,175,32375
EICHERMOT_F2,09-11-2023,10:32:00,3599.8501,3599.8501,3599.8501,3599.8501,350,32550
EICHERMOT_F2,09-11-2023,10:33:00,3600.0,3600.0,3600.0,3600.0,350,32900
EICHERMOT_F2,09-11-2023,10:35:00,3601.0,3601.0,3601.0,3601.0,175,32900
EICHERMOT_F2,09-11-2023,10:36:00,3601.0,3601.0,3601.0,3601.0,350,32900
EICHERMOT_F2,09-11-2023,10:43:00,3602.7,3602.7,3602.7,3602.7,175,32725
EICHERMOT_F2,09-11-2023,10:44:00,3611.95,3611.95,3611.95,3611.95,525,32550
EICHERMOT_F2,09-11-2023,10:45:00,3612.0,3612.0,3612.0,3612.0,175,32550
EICHERMOT_F2,09-11-2023,10:46:00,3613.95,3618.6499,3613.95,3618.6499,350,32550
EICHERMOT_F2,09-11-2023,10:49:00,3618.6499,3618.6499,3618.6499,3618.6499,175,33075
EICHERMOT_F2,09-11-2023,10:55:00,3602.0,3602.0,3602.0,3602.0,175,33075
EICHERMOT_F2,09-11-2023,10:57:00,3602.0,3602.0,3602.0,3602.0,175,33075
EICHERMOT_F2,09-11-2023,11:06:00,3600.0,3600.0,3600.0,3600.0,175,33075
EICHERMOT_F2,09-11-2023,11:08:00,3596.05,3596.05,3596.05,3596.05,525,33075
EICHERMOT_F2,09-11-2023,11:12:00,3596.05,3596.05,3596.05,3596.05,175,32900
EICHERMOT_F2,09-11-2023,11:21:00,3590.0,3590.0,3590.0,3590.0,350,33075
EICHERMOT_F2,09-11-2023,11:22:00,3585.05,3585.05,3585.05,3585.05,175,33075
EICHERMOT_F2,09-11-2023,11:33:00,3595.0,3595.0,3595.0,3595.0,175,32900
EICHERMOT_F2,09-11-2023,11:37:00,3593.55,3593.55,3593.55,3593.55,175,32725
EICHERMOT_F2,09-11-2023,12:06:00,3593.7,3593.7,3593.7,3593.7,175,32900
EICHERMOT_F2,09-11-2023,12:27:00,3596.1001,3596.1001,3596.1001,3596.1001,175,32725
EICHERMOT_F2,09-11-2023,12:50:00,3605.0,3605.0,3605.0,3605.0,350,32550
EICHERMOT_F2,09-11-2023,12:51:00,3606.0,3606.0,3606.0,3606.0,175,32725
EICHERMOT_F2,09-11-2023,13:04:00,3601.0,3601.0,3601.0,3601.0,175,32725
EICHERMOT_F2,09-11-2023,13:15:00,3592.0,3592.0,3592.0,3592.0,175,32900
EICHERMOT_F2,09-11-2023,13:23:00,3590.0,3590.0,3590.0,3590.0,350,32725
EICHERMOT_F2,09-11-2023,13:28:00,3590.1499,3590.1499,3590.1499,3590.1499,175,32725
EICHERMOT_F2,09-11-2023,13:32:00,3586.0,3586.0,3586.0,3586.0,350,32900
EICHERMOT_F2,09-11-2023,13:42:00,3583.0,3583.0,3583.0,3583.0,175,32900
EICHERMOT_F2,09-11-2023,13:51:00,3586.0,3586.0,3586.0,3586.0,175,32725
EICHERMOT_F2,09-11-2023,13:53:00,3585.25,3585.25,3585.25,3585.25,175,32725
EICHERMOT_F2,09-11-2023,13:55:00,3583.0,3583.0,3583.0,3583.0,350,32375
EICHERMOT_F2,09-11-2023,14:00:00,3582.6001,3582.6001,3582.6001,3582.6001,175,32725
EICHERMOT_F2,09-11-2023,14:05:00,3577.45,3577.45,3577.45,3577.45,175,32550
EICHERMOT_F2,09-11-2023,14:07:00,3581.5,3581.5,3581.5,3581.5,175,32550
EICHERMOT_F2,09-11-2023,14:20:00,3580.0,3580.0,3580.0,3580.0,350,32725
EICHERMOT_F2,09-11-2023,14:22:00,3579.45,3579.45,3579.45,3579.45,175,32550
EICHERMOT_F2,09-11-2023,14:24:00,3576.0,3576.0,3576.0,3576.0,175,32550
EICHERMOT_F2,09-11-2023,14:25:00,3574.3999,3574.3999,3567.75,3567.75,875,32725
EICHERMOT_F2,09-11-2023,14:29:00,3568.3501,3568.3501,3568.3501,3568.3501,175,32550
EICHERMOT_F2,09-11-2023,14:35:00,3573.0,3573.0,3573.0,3573.0,175,32725
EICHERMOT_F2,09-11-2023,14:37:00,3575.0,3575.0,3575.0,3575.0,350,32550
EICHERMOT_F2,09-11-2023,14:46:00,3577.55,3577.55,3577.55,3577.55,175,32725
EICHERMOT_F2,09-11-2023,14:53:00,3568.0,3568.0,3568.0,3568.0,875,32900
EICHERMOT_F2,09-11-2023,14:57:00,3567.45,3567.45,3567.45,3567.45,175,32200
EICHERMOT_F2,09-11-2023,14:58:00,3561.0,3561.0,3561.0,3561.0,700,32200
EICHERMOT_F2,09-11-2023,14:59:00,3557.8501,3557.8501,3556.5,3556.5,350,32200
EICHERMOT_F2,09-11-2023,15:00:00,3553.55,3560.7,3553.55,3560.7,700,32200
EICHERMOT_F2,09-11-2023,15:02:00,3561.6001,3561.6001,3561.6001,3561.6001,175,32900
EICHERMOT_F2,09-11-2023,15:03:00,3568.1499,3568.1499,3567.55,3567.55,350,33075
EICHERMOT_F2,09-11-2023,15:07:00,3574.2,3574.2,3572.95,3572.95,350,33250
EICHERMOT_F2,09-11-2023,15:19:00,3573.6499,3573.6499,3573.6499,3573.6499,175,33600
EICHERMOT_F2,09-11-2023,15:29:00,3573.25,3573.25,3573.25,3573.25,175,33425
EICHERMOT_F2,10-11-2023,09:17:00,3548.75,3548.75,3548.75,3548.75,176,33250
EICHERMOT_F2,10-11-2023,09:20:00,3546.75,3546.75,3546.75,3546.75,175,33250
EICHERMOT_F2,10-11-2023,09:30:00,3546.75,3546.75,3546.75,3546.75,350,33250
EICHERMOT_F2,10-11-2023,09:31:00,3546.0,3546.0,3540.0,3540.0,525,33250
EICHERMOT_F2,10-11-2023,09:32:00,3538.2,3538.2,3538.2,3538.2,175,33250
EICHERMOT_F2,10-11-2023,09:35:00,3533.0,3533.0,3533.0,3533.0,350,33600
EICHERMOT_F2,10-11-2023,09:36:00,3530.0,3530.0,3530.0,3530.0,175,33600
EICHERMOT_F2,10-11-2023,09:39:00,3530.0,3530.0,3530.0,3530.0,175,33600
EICHERMOT_F2,10-11-2023,09:40:00,3540.0,3540.0,3540.0,3540.0,175,33600
EICHERMOT_F2,10-11-2023,09:43:00,3544.8999,3544.8999,3544.2,3544.2,700,33425
EICHERMOT_F2,10-11-2023,09:44:00,3544.8,3544.8,3544.8,3544.8,175,33425
EICHERMOT_F2,10-11-2023,09:50:00,3541.0,3541.0,3539.0,3539.0,2275,33425
EICHERMOT_F2,10-11-2023,09:53:00,3542.0,3542.0,3542.0,3542.0,175,35175
EICHERMOT_F2,10-11-2023,09:55:00,3545.0,3545.0,3545.0,3545.0,525,35175
EICHERMOT_F2,10-11-2023,10:36:00,3545.0,3545.0,3545.0,3545.0,175,35350
EICHERMOT_F2,10-11-2023,10:45:00,3545.55,3545.55,3545.55,3545.55,175,35525
EICHERMOT_F2,10-11-2023,11:00:00,3541.1499,3541.1499,3541.1499,3541.1499,175,35525
EICHERMOT_F2,10-11-2023,11:15:00,3546.5,3546.5,3546.5,3546.5,175,35350
EICHERMOT_F2,10-11-2023,11:16:00,3551.0,3555.0,3551.0,3555.0,525,35350
EICHERMOT_F2,10-11-2023,11:17:00,3569.1499,3569.1499,3569.1499,3569.1499,175,35350
EICHERMOT_F2,10-11-2023,11:22:00,3574.8,3574.8,3574.8,3574.8,175,35525
EICHERMOT_F2,10-11-2023,11:28:00,3574.8,3574.8,3574.8,3574.8,175,35700
EICHERMOT_F2,10-11-2023,11:30:00,3570.0,3570.0,3570.0,3570.0,175,35525
EICHERMOT_F2,10-11-2023,11:31:00,3568.0,3568.0,3568.0,3568.0,175,35525
EICHERMOT_F2,10-11-2023,11:41:00,3570.1001,3570.1001,3570.1001,3570.1001,175,35875
EICHERMOT_F2,10-11-2023,11:42:00,3577.8501,3584.3501,3577.8501,3584.3501,2625,35700
EICHERMOT_F2,10-11-2023,11:52:00,3584.3501,3584.3501,3575.3501,3575.3501,525,35350
EICHERMOT_F2,10-11-2023,11:55:00,3573.3,3573.3,3573.3,3573.3,175,35875
EICHERMOT_F2,10-11-2023,12:04:00,3570.1499,3570.1499,3570.1499,3570.1499,175,35875
EICHERMOT_F2,10-11-2023,12:06:00,3565.25,3565.25,3565.25,3565.25,175,35875
EICHERMOT_F2,10-11-2023,12:15:00,3570.0,3570.0,3570.0,3570.0,175,36050
EICHERMOT_F2,10-11-2023,12:18:00,3561.25,3561.25,3561.25,3561.25,175,36225
EICHERMOT_F2,10-11-2023,12:22:00,3559.2,3559.2,3559.2,3559.2,175,36225
EICHERMOT_F2,10-11-2023,12:29:00,3562.1001,3562.1001,3562.1001,3562.1001,175,36400
EICHERMOT_F2,10-11-2023,12:31:00,3562.0,3562.0,3562.0,3562.0,175,36400
EICHERMOT_F2,10-11-2023,12:34:00,3564.6001,3564.6001,3564.6001,3564.6001,175,36400
EICHERMOT_F2,10-11-2023,12:36:00,3564.6001,3564.6001,3564.6001,3564.6001,350,36400
EICHERMOT_F2,10-11-2023,12:39:00,3567.0,3567.0,3562.0,3562.0,525,36400
EICHERMOT_F2,10-11-2023,12:48:00,3563.3,3563.3,3563.3,3563.3,175,36400
EICHERMOT_F2,10-11-2023,12:52:00,3565.8999,3565.8999,3565.8999,3565.8999,175,36575
EICHERMOT_F2,10-11-2023,12:56:00,3564.8,3564.8,3564.8,3564.8,525,36575
EICHERMOT_F2,10-11-2023,13:27:00,3557.45,3557.45,3557.45,3557.45,350,36750
EICHERMOT_F2,10-11-2023,13:30:00,3555.3,3555.3,3555.3,3555.3,350,36400
EICHERMOT_F2,10-11-2023,13:42:00,3555.3,3555.3,3555.3,3555.3,175,36400
EICHERMOT_F2,10-11-2023,13:43:00,3555.3,3555.3,3555.3,3555.3,175,36400
EICHERMOT_F2,10-11-2023,13:59:00,3546.0,3546.0,3546.0,3546.0,350,36575
EICHERMOT_F2,10-11-2023,14:02:00,3546.45,3546.45,3546.45,3546.45,175,36750
EICHERMOT_F2,10-11-2023,14:18:00,3542.0,3542.0,3542.0,3542.0,350,36750
EICHERMOT_F2,10-11-2023,14:34:00,3540.0,3540.0,3540.0,3540.0,175,36750
EICHERMOT_F2,10-11-2023,14:36:00,3540.6499,3540.6499,3540.6499,3540.6499,700,36750
EICHERMOT_F2,10-11-2023,14:37:00,3539.95,3539.95,3539.95,3539.95,175,36750
EICHERMOT_F2,10-11-2023,14:39:00,3540.0,3540.0,3540.0,3540.0,175,36925
EICHERMOT_F2,10-11-2023,14:52:00,3546.3999,3546.3999,3546.3999,3546.3999,175,37100
EICHERMOT_F2,10-11-2023,15:05:00,3556.7,3556.7,3556.7,3556.7,175,37100
EICHERMOT_F2,10-11-2023,15:06:00,3559.95,3559.95,3559.95,3559.95,175,37100
EICHERMOT_F2,10-11-2023,15:07:00,3559.8999,3559.8999,3559.8999,3559.8999,175,37100
EICHERMOT_F2,10-11-2023,15:08:00,3560.0,3560.0,3560.0,3560.0,175,37100
EICHERMOT_F2,10-11-2023,15:09:00,3559.05,3560.0,3559.05,3560.0,525,37100
EICHERMOT_F2,10-11-2023,15:11:00,3563.0,3563.0,3563.0,3563.0,175,37100
EICHERMOT_F2,10-11-2023,15:16:00,3558.75,3558.75,3558.75,3558.75,175,37275
EICHERMOT_F2,10-11-2023,15:21:00,3563.95,3563.95,3563.95,3563.95,525,37275
EICHERMOT_F2,10-11-2023,15:22:00,3567.45,3567.45,3567.45,3567.45,175,37275
EICHERMOT_F2,10-11-2023,15:24:00,3565.25,3567.5,3565.25,3567.5,525,37275
EICHERMOT_F2,10-11-2023,15:25:00,3579.8501,3584.3501,3579.8501,3582.6001,875,37275
EICHERMOT_F2,10-11-2023,15:28:00,3588.0,3590.0,3588.0,3590.0,525,37450
EICHERMOT_F2,10-11-2023,15:29:00,3590.0,3590.55,3590.0,3590.55,525,37450
EICHERMOT_F2,12-11-2023,18:15:00,3596.0,3644.8,3596.0,3605.1001,1400,38150
EICHERMOT_F2,12-11-2023,18:16:00,3608.3,3608.3,3608.3,3608.3,175,38150
EICHERMOT_F2,12-11-2023,18:17:00,3594.1001,3598.7,3594.1001,3597.75,1050,38500
EICHERMOT_F2,12-11-2023,18:18:00,3595.6499,3595.6499,3590.3999,3590.3999,875,38500
EICHERMOT_F2,12-11-2023,18:20:00,3590.3999,3599.25,3590.3999,3599.25,700,38675
EICHERMOT_F2,12-11-2023,18:22:00,3590.0,3590.0,3590.0,3590.0,175,38675
EICHERMOT_F2,12-11-2023,18:23:00,3586.95,3586.95,3586.95,3586.95,525,38675
EICHERMOT_F2,12-11-2023,18:25:00,3584.8999,3584.8999,3584.8999,3584.8999,175,39025
EICHERMOT_F2,12-11-2023,18:26:00,3584.8999,3584.8999,3581.3999,3581.3999,700,39200
EICHERMOT_F2,12-11-2023,18:27:00,3579.25,3579.25,3577.0,3577.0,700,39200
EICHERMOT_F2,12-11-2023,18:28:00,3577.0,3579.7,3577.0,3579.7,350,39200
EICHERMOT_F2,12-11-2023,18:29:00,3583.2,3583.2,3583.2,3583.2,175,39200
EICHERMOT_F2,12-11-2023,18:32:00,3584.6499,3584.6499,3584.6499,3584.6499,175,39725
EICHERMOT_F2,12-11-2023,18:45:00,3590.0,3590.0,3590.0,3590.0,350,39550
EICHERMOT_F2,12-11-2023,18:51:00,3597.0,3597.0,3597.0,3597.0,525,39550
EICHERMOT_F2,12-11-2023,18:57:00,3598.0,3600.0,3598.0,3600.0,875,39725
EICHERMOT_F2,12-11-2023,18:58:00,3605.0,3605.0,3605.0,3605.0,175,39725
EICHERMOT_F2,12-11-2023,18:59:00,3608.8999,3608.8999,3608.8999,3608.8999,525,39725
EICHERMOT_F2,12-11-2023,19:00:00,3607.25,3607.25,3607.25,3607.25,1050,39900
EICHERMOT_F2,12-11-2023,19:01:00,3609.5,3609.5,3609.5,3609.5,175,39900
EICHERMOT_F2,12-11-2023,19:02:00,3610.0,3610.0,3608.25,3608.25,700,39900
EICHERMOT_F2,12-11-2023,19:05:00,3611.5,3611.5,3603.8501,3603.8501,525,40600
EICHERMOT_F2,12-11-2023,19:06:00,3600.95,3600.95,3600.95,3600.95,350,40600
EICHERMOT_F2,12-11-2023,19:07:00,3601.05,3601.05,3601.05,3601.05,175,40600
EICHERMOT_F2,12-11-2023,19:11:00,3610.0,3610.0,3610.0,3610.0,525,40600
EICHERMOT_F2,12-11-2023,19:14:00,3610.0,3610.0,3610.0,3610.0,1400,40425
EICHERMOT_F2,13-11-2023,09:15:00,3635.0,3682.8999,3635.0,3682.8999,2277,41300
EICHERMOT_F2,13-11-2023,09:16:00,3687.8501,3696.6499,3671.95,3696.6499,1400,41300
EICHERMOT_F2,13-11-2023,09:17:00,3703.95,3704.0,3692.6001,3692.6001,1750,41650
EICHERMOT_F2,13-11-2023,09:18:00,3687.0,3705.6001,3687.0,3690.0,2800,41650
EICHERMOT_F2,13-11-2023,09:19:00,3684.5,3700.0,3683.3501,3700.0,1750,41650
EICHERMOT_F2,13-11-2023,09:20:00,3698.0,3698.0,3698.0,3698.0,175,41650
EICHERMOT_F2,13-11-2023,09:21:00,3686.8,3686.8,3685.0,3685.55,875,43925
EICHERMOT_F2,13-11-2023,09:22:00,3684.95,3685.1499,3684.95,3685.1499,350,43925
EICHERMOT_F2,13-11-2023,09:23:00,3687.1001,3700.0,3687.1001,3700.0,1225,44450
EICHERMOT_F2,13-11-2023,09:24:00,3703.0,3703.0,3699.3,3699.3,875,44450
EICHERMOT_F2,13-11-2023,09:25:00,3698.3501,3698.3501,3695.6499,3697.3,875,44450
EICHERMOT_F2,13-11-2023,09:26:00,3690.0,3690.0,3686.1499,3688.6001,525,43750
EICHERMOT_F2,13-11-2023,09:27:00,3687.1001,3690.0,3687.1001,3689.3999,525,43750
EICHERMOT_F2,13-11-2023,09:28:00,3688.0,3688.0,3688.0,3688.0,175,43750
EICHERMOT_F2,13-11-2023,09:30:00,3683.45,3685.25,3683.45,3685.25,350,43750
EICHERMOT_F2,13-11-2023,09:31:00,3685.45,3685.45,3685.45,3685.45,350,43750
EICHERMOT_F2,13-11-2023,09:32:00,3685.45,3685.45,3685.45,3685.45,175,43925
EICHERMOT_F2,13-11-2023,09:33:00,3687.75,3687.75,3687.75,3687.75,175,43925
EICHERMOT_F2,13-11-2023,09:34:00,3690.05,3690.05,3690.05,3690.05,175,43925
EICHERMOT_F2,13-11-2023,09:35:00,3690.8,3704.3999,3690.8,3699.1499,2625,43925
EICHERMOT_F2,13-11-2023,09:36:00,3703.3999,3703.3999,3703.3999,3703.3999,175,43925
EICHERMOT_F2,13-11-2023,09:38:00,3690.75,3690.75,3690.75,3690.75,175,43925
EICHERMOT_F2,13-11-2023,09:44:00,3686.8501,3686.8501,3686.8501,3686.8501,175,44625
EICHERMOT_F2,13-11-2023,09:45:00,3688.0,3688.0,3688.0,3688.0,175,44625
EICHERMOT_F2,13-11-2023,09:46:00,3692.0,3692.0,3692.0,3692.0,175,44625
EICHERMOT_F2,13-11-2023,09:47:00,3692.0,3692.0,3692.0,3692.0,175,44975
EICHERMOT_F2,13-11-2023,09:48:00,3693.2,3700.0,3693.2,3700.0,700,44975
EICHERMOT_F2,13-11-2023,09:49:00,3701.3501,3701.3501,3698.0,3698.0,700,44975
EICHERMOT_F2,13-11-2023,09:50:00,3697.8501,3697.8501,3695.5,3697.75,525,45325
EICHERMOT_F2,13-11-2023,09:51:00,3691.95,3691.95,3691.95,3691.95,875,45325
EICHERMOT_F2,13-11-2023,09:52:00,3692.0,3692.0,3692.0,3692.0,4375,45325
EICHERMOT_F2,13-11-2023,09:53:00,3693.1001,3693.1001,3693.1001,3693.1001,175,49000
EICHERMOT_F2,13-11-2023,09:55:00,3692.0,3692.0,3692.0,3692.0,525,49000
EICHERMOT_F2,13-11-2023,09:56:00,3692.0,3692.0,3692.0,3692.0,175,49000
EICHERMOT_F2,13-11-2023,09:57:00,3690.3999,3690.3999,3690.3999,3690.3999,175,49875
EICHERMOT_F2,13-11-2023,09:59:00,3692.0,3692.0,3692.0,3692.0,1575,49875
EICHERMOT_F2,13-11-2023,10:04:00,3696.0,3696.0,3696.0,3696.0,350,50925
EICHERMOT_F2,13-11-2023,10:06:00,3690.0,3690.0,3690.0,3690.0,175,51275
EICHERMOT_F2,13-11-2023,10:07:00,3686.0,3686.0,3686.0,3686.0,700,51275
EICHERMOT_F2,13-11-2023,10:08:00,3690.0,3690.0,3690.0,3690.0,175,51275
EICHERMOT_F2,13-11-2023,10:12:00,3680.0,3680.0,3680.0,3680.0,1225,50925
EICHERMOT_F2,13-11-2023,10:15:00,3685.3,3685.3,3678.0,3678.0,1225,50575
EICHERMOT_F2,13-11-2023,10:16:00,3678.0,3678.0,3678.0,3678.0,175,50575
EICHERMOT_F2,13-11-2023,10:18:00,3680.2,3680.2,3680.2,3680.2,350,49525
EICHERMOT_F2,13-11-2023,10:19:00,3680.0,3680.0,3679.2,3679.2,350,49525
EICHERMOT_F2,13-11-2023,10:20:00,3680.5,3680.5,3680.5,3680.5,175,49525
EICHERMOT_F2,13-11-2023,10:21:00,3687.3999,3687.3999,3687.3999,3687.3999,175,49175
EICHERMOT_F2,13-11-2023,10:29:00,3676.1001,3676.1001,3676.1001,3676.1001,175,49350
EICHERMOT_F2,13-11-2023,10:30:00,3676.0,3676.0,3673.3999,3673.3999,350,49350
EICHERMOT_F2,13-11-2023,10:32:00,3674.0,3674.0,3674.0,3674.0,175,49350
EICHERMOT_F2,13-11-2023,10:33:00,3674.1499,3674.1499,3674.1499,3674.1499,350,49175
EICHERMOT_F2,13-11-2023,10:35:00,3674.0,3674.0,3674.0,3674.0,175,49175
EICHERMOT_F2,13-11-2023,10:36:00,3667.3,3667.3,3663.1499,3663.1499,700,49175
EICHERMOT_F2,13-11-2023,10:37:00,3663.45,3663.45,3663.45,3663.45,175,49175
EICHERMOT_F2,13-11-2023,10:38:00,3672.05,3673.25,3672.05,3673.25,525,49175
EICHERMOT_F2,13-11-2023,10:54:00,3678.25,3678.25,3678.25,3678.25,175,49175
EICHERMOT_F2,13-11-2023,10:57:00,3676.0,3676.0,3676.0,3676.0,175,49175
EICHERMOT_F2,13-11-2023,11:00:00,3673.5,3673.5,3673.25,3673.25,525,49000
EICHERMOT_F2,13-11-2023,11:06:00,3672.0,3672.0,3672.0,3672.0,175,49175
EICHERMOT_F2,13-11-2023,11:10:00,3682.8,3682.8,3680.0,3680.0,350,49175
EICHERMOT_F2,13-11-2023,11:14:00,3679.55,3679.55,3679.55,3679.55,175,49175
EICHERMOT_F2,13-11-2023,11:19:00,3680.0,3680.0,3680.0,3680.0,175,49175
EICHERMOT_F2,13-11-2023,11:23:00,3687.0,3687.0,3687.0,3687.0,350,49175
EICHERMOT_F2,13-11-2023,11:24:00,3687.3999,3687.3999,3687.3999,3687.3999,175,49175
EICHERMOT_F2,13-11-2023,11:25:00,3684.25,3684.25,3684.25,3684.25,175,49000
EICHERMOT_F2,13-11-2023,11:26:00,3683.25,3683.25,3683.25,3683.25,175,49000
EICHERMOT_F2,13-11-2023,11:27:00,3680.0,3680.0,3680.0,3680.0,350,49000
EICHERMOT_F2,13-11-2023,11:28:00,3678.3501,3678.3501,3678.3501,3678.3501,175,49000
EICHERMOT_F2,13-11-2023,11:29:00,3674.45,3674.45,3674.45,3674.45,350,49000
EICHERMOT_F2,13-11-2023,11:30:00,3674.45,3674.45,3674.45,3674.45,175,48825
EICHERMOT_F2,13-11-2023,11:31:00,3678.8,3678.8,3678.8,3678.8,175,48825
EICHERMOT_F2,13-11-2023,11:37:00,3680.1001,3681.5,3680.1001,3681.5,350,48825
EICHERMOT_F2,13-11-2023,11:38:00,3683.0,3683.0,3681.75,3681.75,525,48825
EICHERMOT_F2,13-11-2023,11:43:00,3672.75,3672.75,3672.75,3672.75,175,49175
EICHERMOT_F2,13-11-2023,11:44:00,3672.8,3672.8,3672.8,3672.8,350,49175
EICHERMOT_F2,13-11-2023,11:52:00,3678.8501,3678.8501,3678.8501,3678.8501,175,49175
EICHERMOT_F2,13-11-2023,11:55:00,3680.0,3680.0,3680.0,3680.0,175,49175
EICHERMOT_F2,13-11-2023,12:06:00,3668.25,3668.25,3668.25,3668.25,175,49175
EICHERMOT_F2,13-11-2023,12:09:00,3674.7,3674.7,3674.7,3674.7,175,49175
EICHERMOT_F2,13-11-2023,12:14:00,3675.25,3675.25,3675.25,3675.25,175,49000
EICHERMOT_F2,13-11-2023,12:16:00,3680.3,3680.3,3680.3,3680.3,175,49000
EICHERMOT_F2,13-11-2023,12:18:00,3672.5,3672.5,3672.5,3672.5,175,49000
EICHERMOT_F2,13-11-2023,12:22:00,3672.5,3672.5,3670.0,3670.0,350,48825
EICHERMOT_F2,13-11-2023,12:31:00,3669.3999,3669.3999,3669.3999,3669.3999,175,48825
EICHERMOT_F2,13-11-2023,12:44:00,3680.0,3681.0,3680.0,3681.0,875,48650
EICHERMOT_F2,13-11-2023,12:45:00,3680.0,3680.0,3680.0,3680.0,175,48475
EICHERMOT_F2,13-11-2023,12:51:00,3682.25,3682.25,3682.25,3682.25,175,48475
EICHERMOT_F2,13-11-2023,12:52:00,3684.0,3684.0,3682.25,3682.25,525,48475
EICHERMOT_F2,13-11-2023,12:54:00,3681.75,3681.75,3681.75,3681.75,175,48825
EICHERMOT_F2,13-11-2023,12:55:00,3682.0,3682.0,3682.0,3682.0,175,48825
EICHERMOT_F2,13-11-2023,13:13:00,3680.0,3680.0,3680.0,3680.0,175,49000
EICHERMOT_F2,13-11-2023,13:22:00,3681.95,3681.95,3681.95,3681.95,175,49175
EICHERMOT_F2,13-11-2023,13:39:00,3681.55,3681.55,3681.55,3681.55,175,49175
EICHERMOT_F2,13-11-2023,13:51:00,3678.0,3678.0,3678.0,3678.0,175,49350
EICHERMOT_F2,13-11-2023,13:58:00,3682.0,3682.0,3682.0,3682.0,525,49350
EICHERMOT_F2,13-11-2023,14:07:00,3686.8,3686.8,3686.8,3686.8,175,49175
EICHERMOT_F2,13-11-2023,14:22:00,3684.0,3684.0,3684.0,3684.0,350,49350
EICHERMOT_F2,13-11-2023,14:23:00,3682.8501,3682.8501,3682.8501,3682.8501,175,49350
EICHERMOT_F2,13-11-2023,14:39:00,3680.5,3680.5,3680.5,3680.5,175,49525
EICHERMOT_F2,13-11-2023,14:42:00,3685.0,3685.0,3685.0,3685.0,700,49350
EICHERMOT_F2,13-11-2023,14:55:00,3679.3999,3679.3999,3679.3999,3679.3999,175,49700
EICHERMOT_F2,13-11-2023,14:57:00,3678.2,3678.2,3678.2,3678.2,175,49525
EICHERMOT_F2,13-11-2023,15:16:00,3676.0,3676.0,3676.0,3676.0,525,49700
EICHERMOT_F2,13-11-2023,15:21:00,3674.0,3674.0,3673.8501,3673.8501,350,49875
EICHERMOT_F2,13-11-2023,15:24:00,3672.8501,3672.8501,3672.8501,3672.8501,175,49700
EICHERMOT_F2,13-11-2023,15:25:00,3672.3999,3672.3999,3672.3999,3672.3999,175,49700
EICHERMOT_F2,13-11-2023,15:26:00,3675.0,3675.0,3672.05,3672.05,350,49700
EICHERMOT_F2,13-11-2023,15:28:00,3674.1001,3674.1001,3674.1001,3674.1001,175,49525
EICHERMOT_F2,13-11-2023,15:29:00,3672.55,3672.8999,3672.55,3672.8999,350,49525
EICHERMOT_F2,15-11-2023,09:15:00,3700.0,3712.0,3699.95,3703.75,1227,49350
EICHERMOT_F2,15-11-2023,09:16:00,3705.8,3711.95,3705.8,3706.55,1050,49350
EICHERMOT_F2,15-11-2023,09:17:00,3711.1499,3713.55,3709.75,3713.5,1400,49525
EICHERMOT_F2,15-11-2023,09:18:00,3713.0,3713.0,3713.0,3713.0,175,49525
EICHERMOT_F2,15-11-2023,09:19:00,3715.95,3715.95,3715.95,3715.95,175,49525
EICHERMOT_F2,15-11-2023,09:20:00,3715.95,3715.95,3712.2,3712.2,1050,49700
EICHERMOT_F2,15-11-2023,09:21:00,3714.5,3714.5,3714.5,3714.5,350,49700
EICHERMOT_F2,15-11-2023,09:24:00,3714.5,3714.5,3712.2,3712.2,350,50225
EICHERMOT_F2,15-11-2023,09:25:00,3708.0,3708.0,3708.0,3708.0,175,50225
EICHERMOT_F2,15-11-2023,09:26:00,3707.1001,3715.0,3705.6001,3715.0,700,50050
EICHERMOT_F2,15-11-2023,09:27:00,3717.7,3718.0,3717.7,3718.0,525,50050
EICHERMOT_F2,15-11-2023,09:28:00,3715.0,3715.0,3713.2,3713.2,350,50050
EICHERMOT_F2,15-11-2023,09:29:00,3718.0,3719.3501,3718.0,3719.3501,525,50050
EICHERMOT_F2,15-11-2023,09:30:00,3719.3501,3719.3501,3716.6001,3716.6001,350,50575
EICHERMOT_F2,15-11-2023,09:31:00,3714.95,3714.95,3714.95,3714.95,175,50575
EICHERMOT_F2,15-11-2023,09:32:00,3712.1001,3712.1001,3712.1001,3712.1001,175,50575
EICHERMOT_F2,15-11-2023,09:33:00,3712.0,3716.6001,3712.0,3716.6001,350,50575
EICHERMOT_F2,15-11-2023,09:34:00,3720.0,3721.0,3720.0,3721.0,525,50575
EICHERMOT_F2,15-11-2023,09:35:00,3721.0,3725.0,3721.0,3725.0,875,51100
EICHERMOT_F2,15-11-2023,09:36:00,3725.0,3725.0,3725.0,3725.0,175,51100
EICHERMOT_F2,15-11-2023,09:37:00,3745.55,3750.0,3745.55,3750.0,36575,51100
EICHERMOT_F2,15-11-2023,09:38:00,3732.3,3732.3,3732.3,3732.3,175,51100
EICHERMOT_F2,15-11-2023,09:39:00,3729.75,3729.75,3729.75,3729.75,175,80675
EICHERMOT_F2,15-11-2023,09:40:00,3740.8999,3740.8999,3734.2,3734.3501,875,80675
EICHERMOT_F2,15-11-2023,09:41:00,3735.05,3735.05,3735.05,3735.05,175,81025
EICHERMOT_F2,15-11-2023,09:42:00,3735.0,3740.8999,3735.0,3740.8999,1225,81025
EICHERMOT_F2,15-11-2023,09:43:00,3736.7,3736.7,3736.7,3736.7,875,81025
EICHERMOT_F2,15-11-2023,09:44:00,3731.6499,3731.6499,3731.25,3731.25,525,80325
EICHERMOT_F2,15-11-2023,09:45:00,3725.8501,3725.8501,3725.8501,3725.8501,175,80325
EICHERMOT_F2,15-11-2023,09:46:00,3730.0,3730.0,3730.0,3730.0,175,80325
EICHERMOT_F2,15-11-2023,09:47:00,3726.7,3726.7,3726.7,3726.7,175,80325
EICHERMOT_F2,15-11-2023,09:48:00,3730.0,3730.0,3730.0,3730.0,175,80150
EICHERMOT_F2,15-11-2023,09:53:00,3726.45,3726.45,3726.45,3726.45,350,80150
EICHERMOT_F2,15-11-2023,09:54:00,3726.6001,3726.6001,3726.6001,3726.6001,175,80150
EICHERMOT_F2,15-11-2023,09:56:00,3731.6001,3731.6001,3731.6001,3731.6001,350,80150
EICHERMOT_F2,15-11-2023,09:57:00,3731.6001,3731.6001,3731.6001,3731.6001,175,79800
EICHERMOT_F2,15-11-2023,10:00:00,3731.6001,3731.6001,3731.6001,3731.6001,175,79800
EICHERMOT_F2,15-11-2023,10:03:00,3729.7,3729.7,3729.7,3729.7,175,79975
EICHERMOT_F2,15-11-2023,10:07:00,3727.75,3727.75,3727.75,3727.75,175,80150
EICHERMOT_F2,15-11-2023,10:09:00,3730.0,3730.0,3730.0,3730.0,175,79975
EICHERMOT_F2,15-11-2023,10:13:00,3729.0,3729.0,3729.0,3729.0,175,79975
EICHERMOT_F2,15-11-2023,10:14:00,3729.3999,3729.3999,3729.3999,3729.3999,175,79975
EICHERMOT_F2,15-11-2023,10:17:00,3726.0,3726.0,3726.0,3726.0,175,79975
EICHERMOT_F2,15-11-2023,10:20:00,3738.05,3738.05,3738.05,3738.05,525,79975
EICHERMOT_F2,15-11-2023,10:23:00,3736.45,3736.45,3736.45,3736.45,175,80150
EICHERMOT_F2,15-11-2023,10:26:00,3740.05,3740.2,3740.05,3740.2,350,79975
EICHERMOT_F2,15-11-2023,10:28:00,3738.3501,3741.45,3738.3501,3741.45,1050,80150
EICHERMOT_F2,15-11-2023,10:29:00,3738.3501,3738.3501,3738.3501,3738.3501,175,80150
EICHERMOT_F2,15-11-2023,10:30:00,3739.55,3741.0,3739.55,3741.0,350,80500
EICHERMOT_F2,15-11-2023,10:31:00,3744.0,3745.0,3744.0,3745.0,2100,80500
EICHERMOT_F2,15-11-2023,10:32:00,3748.0,3752.0,3748.0,3752.0,700,80500
EICHERMOT_F2,15-11-2023,10:33:00,3752.3,3752.3,3751.55,3752.0,1050,80850
EICHERMOT_F2,15-11-2023,10:34:00,3755.0,3755.0,3755.0,3755.0,525,80850
EICHERMOT_F2,15-11-2023,10:40:00,3754.3501,3754.3501,3750.8,3750.8,350,80850
EICHERMOT_F2,15-11-2023,10:41:00,3751.2,3751.2,3751.2,3751.2,175,80850
EICHERMOT_F2,15-11-2023,10:44:00,3754.95,3754.95,3754.95,3754.95,175,80675
EICHERMOT_F2,15-11-2023,10:45:00,3752.75,3752.75,3752.75,3752.75,175,80675
EICHERMOT_F2,15-11-2023,10:46:00,3755.0,3757.75,3755.0,3757.75,1225,80675
EICHERMOT_F2,15-11-2023,10:47:00,3757.75,3757.75,3754.8501,3754.8501,350,81200
EICHERMOT_F2,15-11-2023,10:48:00,3755.05,3755.05,3755.05,3755.05,175,81200
EICHERMOT_F2,15-11-2023,10:51:00,3754.8,3754.8,3754.8,3754.8,175,81200
EICHERMOT_F2,15-11-2023,10:57:00,3757.25,3757.25,3757.25,3757.25,350,81200
EICHERMOT_F2,15-11-2023,10:58:00,3760.0,3760.0,3760.0,3760.0,350,81200
EICHERMOT_F2,15-11-2023,10:59:00,3760.0,3765.8999,3760.0,3765.8999,525,81200
EICHERMOT_F2,15-11-2023,11:04:00,3765.8999,3772.6001,3765.8999,3772.6001,875,81375
EICHERMOT_F2,15-11-2023,11:05:00,3772.6001,3772.6001,3772.6001,3772.6001,175,81375
EICHERMOT_F2,15-11-2023,11:06:00,3769.1001,3769.1001,3769.1001,3769.1001,175,81900
EICHERMOT_F2,15-11-2023,11:07:00,3764.45,3764.45,3764.45,3764.45,350,81900
EICHERMOT_F2,15-11-2023,11:09:00,3761.0,3761.0,3761.0,3761.0,350,82075
EICHERMOT_F2,15-11-2023,11:10:00,3761.0,3761.0,3761.0,3761.0,175,82075
EICHERMOT_F2,15-11-2023,11:12:00,3761.0,3761.0,3761.0,3761.0,175,82425
EICHERMOT_F2,15-11-2023,11:19:00,3767.0,3767.0,3767.0,3767.0,175,82425
EICHERMOT_F2,15-11-2023,11:22:00,3762.55,3762.55,3762.55,3762.55,175,82425
EICHERMOT_F2,15-11-2023,11:23:00,3767.5,3767.5,3767.5,3767.5,175,82425
EICHERMOT_F2,15-11-2023,11:28:00,3767.0,3767.0,3767.0,3767.0,350,82425
EICHERMOT_F2,15-11-2023,11:30:00,3759.8501,3759.8501,3759.8501,3759.8501,175,82600
EICHERMOT_F2,15-11-2023,11:33:00,3761.75,3761.75,3761.75,3761.75,175,82600
EICHERMOT_F2,15-11-2023,11:34:00,3763.0,3763.0,3763.0,3763.0,175,82600
EICHERMOT_F2,15-11-2023,11:35:00,3763.2,3763.2,3763.2,3763.2,175,82600
EICHERMOT_F2,15-11-2023,11:37:00,3763.2,3763.2,3763.2,3763.2,175,82250
EICHERMOT_F2,15-11-2023,11:41:00,3769.0,3769.0,3769.0,3769.0,175,82075
EICHERMOT_F2,15-11-2023,11:43:00,3769.0,3769.0,3769.0,3769.0,175,82075
EICHERMOT_F2,15-11-2023,11:45:00,3768.3,3768.3,3768.3,3768.3,175,81900
EICHERMOT_F2,15-11-2023,11:46:00,3769.0,3769.0,3769.0,3769.0,175,81900
EICHERMOT_F2,15-11-2023,11:53:00,3768.8999,3768.8999,3768.8999,3768.8999,175,81550
EICHERMOT_F2,15-11-2023,11:55:00,3769.95,3770.0,3769.95,3770.0,700,81725
EICHERMOT_F2,15-11-2023,11:56:00,3771.0,3772.0,3771.0,3772.0,350,81725
EICHERMOT_F2,15-11-2023,11:57:00,3775.0,3775.0,3775.0,3775.0,1225,82250
EICHERMOT_F2,15-11-2023,11:58:00,3780.0,3780.0,3780.0,3780.0,700,82250
EICHERMOT_F2,15-11-2023,11:59:00,3784.2,3786.95,3784.2,3786.95,700,82250
EICHERMOT_F2,15-11-2023,12:00:00,3790.3999,3797.6001,3790.3999,3797.6001,1050,82950
EICHERMOT_F2,15-11-2023,12:01:00,3798.8,3812.25,3798.8,3812.25,2625,82950
EICHERMOT_F2,15-11-2023,12:02:00,3813.6499,3814.0,3808.1499,3812.3,2100,82950
EICHERMOT_F2,15-11-2023,12:03:00,3816.25,3816.25,3816.25,3816.25,175,84875
EICHERMOT_F2,15-11-2023,12:04:00,3818.95,3821.8999,3818.95,3820.0,525,84875
EICHERMOT_F2,15-11-2023,12:05:00,3816.3501,3817.2,3812.7,3817.2,700,85050
EICHERMOT_F2,15-11-2023,12:06:00,3819.95,3819.95,3813.0,3813.0,525,85050
EICHERMOT_F2,15-11-2023,12:07:00,3819.0,3825.0,3819.0,3825.0,1225,85050
EICHERMOT_F2,15-11-2023,12:08:00,3825.0,3825.0,3825.0,3825.0,700,85050
EICHERMOT_F2,15-11-2023,12:09:00,3824.1499,3824.1499,3821.3501,3821.3501,700,85925
EICHERMOT_F2,15-11-2023,12:10:00,3822.45,3834.45,3822.45,3834.45,2275,85925
EICHERMOT_F2,15-11-2023,12:11:00,3839.5,3841.95,3837.45,3841.95,2450,85925
EICHERMOT_F2,15-11-2023,12:12:00,3841.95,3841.95,3838.55,3838.55,875,87850
EICHERMOT_F2,15-11-2023,12:13:00,3838.1499,3850.0,3838.1499,3850.0,1050,87850
EICHERMOT_F2,15-11-2023,12:14:00,3844.0,3852.25,3844.0,3852.25,1050,87850
EICHERMOT_F2,15-11-2023,12:16:00,3852.25,3852.25,3852.25,3852.25,175,88550
EICHERMOT_F2,15-11-2023,12:18:00,3841.0,3848.8,3841.0,3848.8,875,88725
EICHERMOT_F2,15-11-2023,12:19:00,3848.55,3848.8999,3848.55,3848.8999,1050,88725
EICHERMOT_F2,15-11-2023,12:20:00,3846.1499,3847.3999,3846.1499,3847.3999,350,89600
EICHERMOT_F2,15-11-2023,12:21:00,3850.8,3852.0,3850.8,3851.2,525,89600
EICHERMOT_F2,15-11-2023,12:22:00,3844.95,3848.05,3844.95,3848.05,350,89600
EICHERMOT_F2,15-11-2023,12:23:00,3844.7,3844.7,3843.8999,3843.8999,350,89600
EICHERMOT_F2,15-11-2023,12:25:00,3841.7,3843.5,3841.7,3843.5,700,90300
EICHERMOT_F2,15-11-2023,12:26:00,3841.7,3841.7,3841.7,3841.7,175,90300
EICHERMOT_F2,15-11-2023,12:27:00,3841.7,3841.7,3836.25,3836.25,350,90300
EICHERMOT_F2,15-11-2023,12:28:00,3837.8999,3842.1001,3837.8999,3842.1001,525,90300
EICHERMOT_F2,15-11-2023,12:29:00,3839.0,3839.0,3839.0,3839.0,175,90300
EICHERMOT_F2,15-11-2023,12:30:00,3834.55,3834.55,3834.55,3834.55,175,90650
EICHERMOT_F2,15-11-2023,12:31:00,3832.05,3835.5,3832.05,3835.5,525,90650
EICHERMOT_F2,15-11-2023,12:32:00,3836.1001,3836.1001,3836.1001,3836.1001,350,90650
EICHERMOT_F2,15-11-2023,12:34:00,3833.55,3835.0,3833.55,3835.0,350,90650
EICHERMOT_F2,15-11-2023,12:37:00,3836.6499,3836.6499,3836.25,3836.25,350,91000
EICHERMOT_F2,15-11-2023,12:38:00,3833.5,3833.5,3833.5,3833.5,175,91000
EICHERMOT_F2,15-11-2023,12:40:00,3836.25,3836.25,3836.25,3836.25,525,90825
EICHERMOT_F2,15-11-2023,12:42:00,3841.1499,3841.1499,3841.1499,3841.1499,350,91175
EICHERMOT_F2,15-11-2023,12:43:00,3843.45,3843.45,3843.45,3843.45,350,91175
EICHERMOT_F2,15-11-2023,12:46:00,3843.45,3844.7,3843.45,3844.7,875,91525
EICHERMOT_F2,15-11-2023,12:47:00,3844.7,3844.7,3844.7,3844.7,525,91525
EICHERMOT_F2,15-11-2023,12:48:00,3846.55,3848.8999,3845.0,3845.0,875,92225
EICHERMOT_F2,15-11-2023,12:52:00,3850.0,3850.0,3848.5,3850.0,1925,92400
EICHERMOT_F2,15-11-2023,12:54:00,3849.95,3849.95,3847.25,3847.25,350,93450
EICHERMOT_F2,15-11-2023,12:56:00,3847.8,3848.3501,3847.8,3848.3501,875,93450
EICHERMOT_F2,15-11-2023,12:58:00,3851.6499,3851.6499,3851.6499,3851.6499,350,94150
EICHERMOT_F2,15-11-2023,12:59:00,3850.0,3850.0,3850.0,3850.0,175,94150
EICHERMOT_F2,15-11-2023,13:00:00,3849.55,3849.55,3849.55,3849.55,525,94500
EICHERMOT_F2,15-11-2023,13:01:00,3854.0,3854.0,3854.0,3854.0,875,94500
EICHERMOT_F2,15-11-2023,13:02:00,3854.0,3854.0,3854.0,3854.0,700,94500
EICHERMOT_F2,15-11-2023,13:03:00,3852.7,3854.95,3852.7,3853.95,1050,95200
EICHERMOT_F2,15-11-2023,13:04:00,3855.0,3857.0,3855.0,3857.0,1225,95200
EICHERMOT_F2,15-11-2023,13:05:00,3858.0,3862.0,3858.0,3861.0,1400,95200
EICHERMOT_F2,15-11-2023,13:06:00,3865.0,3865.0,3864.8999,3865.0,1225,96250
EICHERMOT_F2,15-11-2023,13:07:00,3863.8999,3864.6001,3862.0,3862.0,525,96250
EICHERMOT_F2,15-11-2023,13:08:00,3858.3501,3858.3501,3858.3501,3858.3501,175,96250
EICHERMOT_F2,15-11-2023,13:09:00,3865.0,3868.8501,3864.1001,3868.8501,1225,96600
EICHERMOT_F2,15-11-2023,13:10:00,3868.95,3869.8,3868.95,3869.8,350,96600
EICHERMOT_F2,15-11-2023,13:12:00,3870.0,3870.0,3870.0,3870.0,1225,96600
EICHERMOT_F2,15-11-2023,13:13:00,3867.3,3867.3,3864.0,3864.0,350,96600
EICHERMOT_F2,15-11-2023,13:14:00,3863.0,3863.0,3863.0,3863.0,175,96600
EICHERMOT_F2,15-11-2023,13:15:00,3860.3,3860.3,3860.3,3860.3,175,96950
EICHERMOT_F2,15-11-2023,13:16:00,3862.0,3862.0,3862.0,3862.0,350,96950
EICHERMOT_F2,15-11-2023,13:18:00,3861.25,3862.25,3861.25,3862.25,350,96950
EICHERMOT_F2,15-11-2023,13:19:00,3860.0,3860.0,3860.0,3860.0,175,96950
EICHERMOT_F2,15-11-2023,13:20:00,3862.25,3862.25,3862.25,3862.25,175,96950
EICHERMOT_F2,15-11-2023,13:22:00,3862.6499,3862.6499,3854.7,3854.7,1575,97300
EICHERMOT_F2,15-11-2023,13:23:00,3850.05,3852.0,3850.05,3852.0,1400,97300
EICHERMOT_F2,15-11-2023,13:24:00,3853.0,3853.0,3850.0,3850.0,350,97125
EICHERMOT_F2,15-11-2023,13:25:00,3852.6499,3854.6001,3852.6499,3854.6001,875,97125
EICHERMOT_F2,15-11-2023,13:26:00,3859.95,3864.8999,3859.95,3864.8999,525,97125
EICHERMOT_F2,15-11-2023,13:27:00,3864.8999,3864.8999,3864.8999,3864.8999,175,97125
EICHERMOT_F2,15-11-2023,13:28:00,3864.3501,3864.3501,3864.3501,3864.3501,175,97825
EICHERMOT_F2,15-11-2023,13:29:00,3870.0,3870.55,3870.0,3870.0,1050,97825
EICHERMOT_F2,15-11-2023,13:30:00,3873.8999,3873.8999,3873.8999,3873.8999,1225,99050
EICHERMOT_F2,15-11-2023,13:32:00,3871.6001,3871.6001,3871.6001,3871.6001,175,99050
EICHERMOT_F2,15-11-2023,13:33:00,3875.0,3875.0,3869.45,3869.45,1400,99750
EICHERMOT_F2,15-11-2023,13:37:00,3871.0,3871.0,3871.0,3871.0,350,99750
EICHERMOT_F2,15-11-2023,13:38:00,3871.0,3872.95,3871.0,3872.95,350,99750
EICHERMOT_F2,15-11-2023,13:39:00,3873.75,3873.75,3873.75,3873.75,525,100450
EICHERMOT_F2,15-11-2023,13:42:00,3872.8501,3872.8501,3872.8501,3872.8501,175,100800
EICHERMOT_F2,15-11-2023,13:43:00,3870.0,3870.0,3870.0,3870.0,525,100800
EICHERMOT_F2,15-11-2023,13:44:00,3868.75,3868.75,3868.75,3868.75,175,100800
EICHERMOT_F2,15-11-2023,13:45:00,3872.95,3872.95,3872.95,3872.95,175,101150
EICHERMOT_F2,15-11-2023,13:46:00,3873.0,3873.0,3873.0,3873.0,350,101150
EICHERMOT_F2,15-11-2023,13:47:00,3870.0,3870.0,3870.0,3870.0,350,101150
EICHERMOT_F2,15-11-2023,13:48:00,3870.0,3870.0,3870.0,3870.0,175,101325
EICHERMOT_F2,15-11-2023,13:49:00,3872.3501,3872.3501,3872.3501,3872.3501,175,101325
EICHERMOT_F2,15-11-2023,13:50:00,3873.6499,3877.25,3873.6499,3877.25,1225,101325
EICHERMOT_F2,15-11-2023,13:51:00,3877.25,3877.25,3877.25,3877.25,175,101325
EICHERMOT_F2,15-11-2023,13:52:00,3875.0,3875.0,3875.0,3875.0,175,101325
EICHERMOT_F2,15-11-2023,13:53:00,3875.0,3876.95,3875.0,3876.95,350,102550
EICHERMOT_F2,15-11-2023,13:55:00,3872.6499,3872.6499,3871.3501,3872.6499,700,102900
EICHERMOT_F2,15-11-2023,13:56:00,3869.3501,3869.3501,3869.3501,3869.3501,175,102900
EICHERMOT_F2,15-11-2023,13:57:00,3868.0,3868.0,3868.0,3868.0,175,102900
EICHERMOT_F2,15-11-2023,13:58:00,3872.6001,3872.6001,3871.95,3871.95,525,102900
EICHERMOT_F2,15-11-2023,13:59:00,3870.5,3870.5,3870.5,3870.5,350,102900
EICHERMOT_F2,15-11-2023,14:00:00,3872.0,3872.0,3872.0,3872.0,350,103600
EICHERMOT_F2,15-11-2023,14:01:00,3869.75,3869.75,3869.75,3869.75,175,103600
EICHERMOT_F2,15-11-2023,14:02:00,3872.6499,3872.6499,3872.6499,3872.6499,175,103600
EICHERMOT_F2,15-11-2023,14:04:00,3874.5,3874.5,3874.5,3874.5,175,103950
EICHERMOT_F2,15-11-2023,14:05:00,3875.0,3875.0,3875.0,3875.0,175,103950
EICHERMOT_F2,15-11-2023,14:06:00,3871.05,3871.05,3871.05,3871.05,175,104125
EICHERMOT_F2,15-11-2023,14:07:00,3875.0,3875.0,3875.0,3875.0,9275,104125
EICHERMOT_F2,15-11-2023,14:08:00,3875.0,3876.25,3875.0,3876.25,1925,104125
EICHERMOT_F2,15-11-2023,14:09:00,3875.0,3875.0,3875.0,3875.0,175,108850
EICHERMOT_F2,15-11-2023,14:10:00,3875.0,3875.0,3875.0,3875.0,2100,108850
EICHERMOT_F2,15-11-2023,14:11:00,3875.0,3875.0,3875.0,3875.0,175,108850
EICHERMOT_F2,15-11-2023,14:12:00,3875.0,3875.0,3875.0,3875.0,700,110250
EICHERMOT_F2,15-11-2023,14:14:00,3875.0,3875.0,3871.05,3871.05,4725,110250
EICHERMOT_F2,15-11-2023,14:19:00,3873.6001,3873.6001,3873.6001,3873.6001,175,115150
EICHERMOT_F2,15-11-2023,14:23:00,3872.0,3872.0,3868.0,3868.0,350,114975
EICHERMOT_F2,15-11-2023,14:25:00,3871.0,3872.0,3869.95,3869.95,525,114975
EICHERMOT_F2,15-11-2023,14:27:00,3869.0,3869.0,3869.0,3869.0,175,114975
EICHERMOT_F2,15-11-2023,14:32:00,3871.95,3871.95,3871.95,3871.95,175,115150
EICHERMOT_F2,15-11-2023,14:33:00,3870.95,3870.95,3870.95,3870.95,350,115150
EICHERMOT_F2,15-11-2023,14:34:00,3874.0,3874.0,3874.0,3874.0,350,115150
EICHERMOT_F2,15-11-2023,14:35:00,3871.05,3871.05,3871.05,3871.05,175,115150
EICHERMOT_F2,15-11-2023,14:37:00,3871.1001,3871.1001,3871.1001,3871.1001,175,115500
EICHERMOT_F2,15-11-2023,14:38:00,3870.75,3874.95,3870.75,3874.95,525,115500
EICHERMOT_F2,15-11-2023,14:39:00,3875.0,3882.0,3875.0,3882.0,4375,117425
EICHERMOT_F2,15-11-2023,14:40:00,3881.3,3882.1001,3881.3,3882.1001,525,117425
EICHERMOT_F2,15-11-2023,14:41:00,3882.1001,3882.1001,3878.95,3878.95,525,117425
EICHERMOT_F2,15-11-2023,14:42:00,3880.2,3880.2,3880.0,3880.0,350,118650
EICHERMOT_F2,15-11-2023,14:43:00,3881.45,3881.45,3880.8,3880.8,700,118650
EICHERMOT_F2,15-11-2023,14:44:00,3880.8,3880.8,3880.8,3880.8,175,118650
EICHERMOT_F2,15-11-2023,14:46:00,3883.0,3883.0,3883.0,3883.0,1225,119350
EICHERMOT_F2,15-11-2023,14:47:00,3882.55,3882.55,3882.05,3882.05,700,119350
EICHERMOT_F2,15-11-2023,14:48:00,3878.45,3878.45,3878.45,3878.45,175,119700
EICHERMOT_F2,15-11-2023,14:51:00,3879.3501,3879.3501,3875.0,3875.0,2100,119875
EICHERMOT_F2,15-11-2023,14:53:00,3875.3,3879.3999,3875.3,3879.3999,350,119875
EICHERMOT_F2,15-11-2023,14:54:00,3878.8501,3878.8501,3878.8501,3878.8501,175,119875
EICHERMOT_F2,15-11-2023,14:55:00,3880.1499,3882.95,3880.1499,3882.6001,525,120050
EICHERMOT_F2,15-11-2023,14:56:00,3882.95,3883.95,3882.95,3883.95,525,120050
EICHERMOT_F2,15-11-2023,14:57:00,3883.95,3883.95,3883.95,3883.95,175,120400
EICHERMOT_F2,15-11-2023,14:59:00,3877.3501,3878.5,3877.3501,3878.0,1225,120400
EICHERMOT_F2,15-11-2023,15:03:00,3881.95,3881.95,3881.95,3881.95,175,121275
EICHERMOT_F2,15-11-2023,15:05:00,3879.25,3879.25,3879.25,3879.25,175,121275
EICHERMOT_F2,15-11-2023,15:08:00,3877.0,3877.0,3877.0,3877.0,175,121275
EICHERMOT_F2,15-11-2023,15:10:00,3874.8,3874.8,3874.8,3874.8,175,121275
EICHERMOT_F2,15-11-2023,15:12:00,3878.0,3878.0,3878.0,3878.0,175,121275
EICHERMOT_F2,15-11-2023,15:13:00,3879.55,3879.55,3879.55,3879.55,175,121450
EICHERMOT_F2,15-11-2023,15:16:00,3875.0,3875.0,3875.0,3875.0,175,121625
EICHERMOT_F2,15-11-2023,15:17:00,3878.1001,3878.1001,3874.3501,3874.3501,350,121625
EICHERMOT_F2,15-11-2023,15:18:00,3876.5,3876.5,3871.5,3871.5,1925,121625
EICHERMOT_F2,15-11-2023,15:19:00,3871.5,3871.5,3871.5,3871.5,350,121625
EICHERMOT_F2,15-11-2023,15:21:00,3873.0,3873.0,3873.0,3873.0,175,121625
EICHERMOT_F2,15-11-2023,15:22:00,3871.3,3871.3,3871.3,3871.3,350,120925
EICHERMOT_F2,15-11-2023,15:23:00,3870.8999,3870.8999,3870.8999,3870.8999,875,120925
EICHERMOT_F2,15-11-2023,15:24:00,3872.3,3873.0,3872.3,3873.0,525,120400
EICHERMOT_F2,15-11-2023,15:25:00,3872.45,3874.0,3870.0,3874.0,1225,120400
EICHERMOT_F2,15-11-2023,15:26:00,3875.0,3875.0,3872.95,3872.95,1750,120400
EICHERMOT_F2,15-11-2023,15:27:00,3873.0,3873.0,3873.0,3873.0,525,120050
EICHERMOT_F2,15-11-2023,15:28:00,3871.8,3872.0,3871.8,3872.0,350,120050
EICHERMOT_F2,15-11-2023,15:29:00,3870.8501,3875.0,3870.8501,3873.75,1225,120050
EICHERMOT_F2,16-11-2023,09:15:00,3865.0,3865.0,3859.8501,3865.0,1051,119350
EICHERMOT_F2,16-11-2023,09:16:00,3867.5,3870.6499,3865.0,3867.8501,2975,119350
EICHERMOT_F2,16-11-2023,09:17:00,3866.5,3877.0,3866.5,3877.0,1225,121100
EICHERMOT_F2,16-11-2023,09:18:00,3879.25,3896.25,3879.25,3895.0,2800,121100
EICHERMOT_F2,16-11-2023,09:19:00,3895.0,3895.0,3886.25,3890.3,1050,121100
EICHERMOT_F2,16-11-2023,09:20:00,3890.0,3890.0,3877.0,3877.0,350,122850
EICHERMOT_F2,16-11-2023,09:21:00,3875.7,3875.7,3875.7,3875.7,350,122850
EICHERMOT_F2,16-11-2023,09:22:00,3860.0,3865.8999,3860.0,3865.8999,1225,122850
EICHERMOT_F2,16-11-2023,09:23:00,3865.8999,3865.8999,3865.8999,3865.8999,175,122850
EICHERMOT_F2,16-11-2023,09:24:00,3865.0,3866.0,3865.0,3866.0,525,122850
EICHERMOT_F2,16-11-2023,09:25:00,3867.0,3867.0,3863.0,3863.0,350,122850
EICHERMOT_F2,16-11-2023,09:26:00,3860.05,3860.5,3860.05,3860.5,350,122500
EICHERMOT_F2,16-11-2023,09:27:00,3865.05,3865.05,3865.05,3865.05,175,122500
EICHERMOT_F2,16-11-2023,09:30:00,3866.5,3866.5,3865.55,3865.55,525,122150
EICHERMOT_F2,16-11-2023,09:32:00,3861.05,3861.05,3861.0,3861.0,700,122150
EICHERMOT_F2,16-11-2023,09:33:00,3855.1001,3855.1001,3855.1001,3855.1001,1050,122325
EICHERMOT_F2,16-11-2023,09:34:00,3854.55,3854.55,3850.0,3850.0,3325,122325
EICHERMOT_F2,16-11-2023,09:35:00,3850.0,3850.0,3848.45,3848.45,1225,122850
EICHERMOT_F2,16-11-2023,09:36:00,3853.0,3855.75,3853.0,3855.75,700,122850
EICHERMOT_F2,16-11-2023,09:38:00,3860.0,3860.0,3860.0,3860.0,350,122850
EICHERMOT_F2,16-11-2023,09:39:00,3860.3501,3860.3501,3860.3501,3860.3501,175,122850
EICHERMOT_F2,16-11-2023,09:40:00,3860.0,3860.0,3857.3,3857.3,525,122850
EICHERMOT_F2,16-11-2023,09:41:00,3852.0,3852.0,3845.8999,3850.1001,1400,122675
EICHERMOT_F2,16-11-2023,09:43:00,3854.7,3854.7,3854.7,3854.7,175,122675
EICHERMOT_F2,16-11-2023,09:46:00,3856.3999,3856.3999,3856.3999,3856.3999,175,122500
EICHERMOT_F2,16-11-2023,09:47:00,3852.2,3852.2,3851.0,3851.0,525,122500
EICHERMOT_F2,16-11-2023,09:51:00,3855.2,3855.2,3855.2,3855.2,175,122675
EICHERMOT_F2,16-11-2023,09:53:00,3860.0,3860.0,3860.0,3860.0,175,122675
EICHERMOT_F2,16-11-2023,09:55:00,3860.0,3860.0,3860.0,3860.0,350,122850
EICHERMOT_F2,16-11-2023,09:56:00,3857.1001,3857.1001,3857.1001,3857.1001,175,122850
EICHERMOT_F2,16-11-2023,09:57:00,3859.0,3859.0,3859.0,3859.0,175,122675
EICHERMOT_F2,16-11-2023,10:00:00,3857.1001,3857.1001,3857.1001,3857.1001,175,122675
EICHERMOT_F2,16-11-2023,10:01:00,3855.0,3855.0,3855.0,3855.0,175,122675
EICHERMOT_F2,16-11-2023,10:03:00,3853.0,3853.0,3853.0,3853.0,175,122675
EICHERMOT_F2,16-11-2023,10:05:00,3853.0,3853.0,3853.0,3853.0,175,122675
EICHERMOT_F2,16-11-2023,10:06:00,3856.6499,3856.6499,3856.6499,3856.6499,350,122850
EICHERMOT_F2,16-11-2023,10:09:00,3856.8,3856.8,3856.8,3856.8,175,122675
EICHERMOT_F2,16-11-2023,10:10:00,3860.0,3860.0,3860.0,3860.0,875,122675
EICHERMOT_F2,16-11-2023,10:11:00,3858.3,3862.05,3858.3,3862.05,350,122675
EICHERMOT_F2,16-11-2023,10:13:00,3856.1001,3856.1001,3856.1001,3856.1001,175,122500
EICHERMOT_F2,16-11-2023,10:14:00,3855.95,3855.95,3855.95,3855.95,175,122500
EICHERMOT_F2,16-11-2023,10:15:00,3851.0,3852.8,3851.0,3852.8,350,122325
EICHERMOT_F2,16-11-2023,10:17:00,3851.1001,3851.1001,3851.1001,3851.1001,175,122325
EICHERMOT_F2,16-11-2023,10:18:00,3850.0,3851.25,3850.0,3851.25,700,121975
EICHERMOT_F2,16-11-2023,10:24:00,3860.0,3865.0,3858.8501,3858.8501,12600,121450
EICHERMOT_F2,16-11-2023,10:25:00,3856.6001,3856.6499,3856.6001,3856.6499,350,121450
EICHERMOT_F2,16-11-2023,10:31:00,3851.25,3851.25,3851.25,3851.25,175,133350
EICHERMOT_F2,16-11-2023,10:32:00,3851.0,3851.0,3851.0,3851.0,175,133350
EICHERMOT_F2,16-11-2023,10:34:00,3851.0,3851.0,3851.0,3851.0,175,133175
EICHERMOT_F2,16-11-2023,10:35:00,3850.0,3850.0,3848.6001,3848.6001,525,133175
EICHERMOT_F2,16-11-2023,10:36:00,3850.45,3850.45,3848.0,3848.0,2275,133175
EICHERMOT_F2,16-11-2023,10:37:00,3844.55,3844.55,3844.55,3844.55,1925,133175
EICHERMOT_F2,16-11-2023,10:38:00,3843.6499,3843.6499,3843.55,3843.55,525,131075
EICHERMOT_F2,16-11-2023,10:40:00,3843.55,3845.8999,3843.55,3845.8999,525,131075
EICHERMOT_F2,16-11-2023,10:41:00,3849.55,3849.55,3849.55,3849.55,175,131075
EICHERMOT_F2,16-11-2023,10:43:00,3845.05,3845.05,3845.05,3845.05,350,131075
EICHERMOT_F2,16-11-2023,10:44:00,3850.2,3850.2,3850.2,3850.2,175,131075
EICHERMOT_F2,16-11-2023,10:47:00,3845.5,3845.5,3845.0,3845.0,525,131425
EICHERMOT_F2,16-11-2023,10:49:00,3845.0,3845.0,3845.0,3845.0,175,131425
EICHERMOT_F2,16-11-2023,10:50:00,3845.0,3845.0,3845.0,3845.0,175,131600
EICHERMOT_F2,16-11-2023,10:51:00,3843.1499,3843.1499,3843.1499,3843.1499,350,131600
EICHERMOT_F2,16-11-2023,10:53:00,3847.7,3847.7,3847.7,3847.7,175,131600
EICHERMOT_F2,16-11-2023,10:54:00,3847.5,3847.5,3847.5,3847.5,175,131775
EICHERMOT_F2,16-11-2023,10:55:00,3848.5,3848.75,3848.5,3848.75,525,131775
EICHERMOT_F2,16-11-2023,10:57:00,3847.1001,3847.1001,3847.1001,3847.1001,175,131250
EICHERMOT_F2,16-11-2023,11:02:00,3849.8999,3849.8999,3849.8999,3849.8999,350,131250
EICHERMOT_F2,16-11-2023,11:03:00,3854.0,3854.8501,3854.0,3854.8501,350,131250
EICHERMOT_F2,16-11-2023,11:04:00,3854.8999,3854.8999,3854.8999,3854.8999,175,131250
EICHERMOT_F2,16-11-2023,11:06:00,3861.3501,3861.3501,3861.3501,3861.3501,175,131075
EICHERMOT_F2,16-11-2023,11:07:00,3861.0,3861.0,3861.0,3861.0,175,131075
EICHERMOT_F2,16-11-2023,11:11:00,3861.0,3861.0,3859.95,3859.95,350,131250
EICHERMOT_F2,16-11-2023,11:12:00,3861.8999,3866.5,3861.8999,3866.5,1225,131250
EICHERMOT_F2,16-11-2023,11:15:00,3869.8501,3869.8501,3869.8501,3869.8501,175,131600
EICHERMOT_F2,16-11-2023,11:18:00,3869.3501,3869.3501,3869.3501,3869.3501,175,131425
EICHERMOT_F2,16-11-2023,11:20:00,3869.3501,3869.3501,3869.3501,3869.3501,175,131425
EICHERMOT_F2,16-11-2023,11:30:00,3859.5,3859.5,3859.5,3859.5,175,131775
EICHERMOT_F2,16-11-2023,11:37:00,3862.8501,3862.8501,3862.8501,3862.8501,175,131775
EICHERMOT_F2,16-11-2023,11:43:00,3863.8501,3863.8501,3863.8501,3863.8501,175,131775
EICHERMOT_F2,16-11-2023,11:44:00,3862.8,3862.8,3862.8,3862.8,175,131775
EICHERMOT_F2,16-11-2023,11:47:00,3862.0,3862.0,3862.0,3862.0,175,131600
EICHERMOT_F2,16-11-2023,11:48:00,3862.1499,3862.1499,3862.1499,3862.1499,175,131600
EICHERMOT_F2,16-11-2023,11:50:00,3862.55,3862.55,3862.55,3862.55,175,131600
EICHERMOT_F2,16-11-2023,11:52:00,3867.8501,3867.8501,3867.8501,3867.8501,175,131600
EICHERMOT_F2,16-11-2023,11:59:00,3869.0,3869.0,3869.0,3869.0,350,131775
EICHERMOT_F2,16-11-2023,12:03:00,3872.0,3872.0,3872.0,3872.0,175,131775
EICHERMOT_F2,16-11-2023,12:05:00,3873.6001,3873.6001,3873.6001,3873.6001,175,131775
EICHERMOT_F2,16-11-2023,12:07:00,3875.0,3877.8501,3875.0,3877.8501,875,131775
EICHERMOT_F2,16-11-2023,12:09:00,3880.0,3880.0,3880.0,3880.0,350,132300
EICHERMOT_F2,16-11-2023,12:10:00,3880.0,3880.0,3880.0,3880.0,350,132300
EICHERMOT_F2,16-11-2023,12:11:00,3880.0,3880.0,3880.0,3880.0,175,132300
EICHERMOT_F2,16-11-2023,12:13:00,3879.8999,3879.95,3879.8999,3879.95,525,132825
EICHERMOT_F2,16-11-2023,12:16:00,3879.8999,3879.8999,3879.8999,3879.8999,175,132650
EICHERMOT_F2,16-11-2023,12:17:00,3880.3501,3880.3501,3880.3501,3880.3501,350,132650
EICHERMOT_F2,16-11-2023,12:20:00,3880.3501,3882.55,3880.3501,3882.55,350,132475
EICHERMOT_F2,16-11-2023,12:22:00,3882.55,3882.55,3882.55,3882.55,175,132475
EICHERMOT_F2,16-11-2023,12:27:00,3870.1001,3870.1001,3870.1001,3870.1001,350,132475
EICHERMOT_F2,16-11-2023,12:28:00,3867.1499,3867.1499,3867.1499,3867.1499,175,132475
EICHERMOT_F2,16-11-2023,12:30:00,3874.3501,3874.3501,3874.3501,3874.3501,175,132300
EICHERMOT_F2,16-11-2023,12:34:00,3880.0,3880.0,3880.0,3880.0,350,132475
EICHERMOT_F2,16-11-2023,12:36:00,3881.0,3881.0,3881.0,3881.0,175,132650
EICHERMOT_F2,16-11-2023,12:38:00,3880.0,3880.0,3880.0,3880.0,175,132650
EICHERMOT_F2,16-11-2023,12:42:00,3880.0,3880.0,3880.0,3880.0,175,132475
EICHERMOT_F2,16-11-2023,12:51:00,3878.6001,3878.6001,3878.0,3878.0,350,132475
EICHERMOT_F2,16-11-2023,12:52:00,3879.8999,3879.8999,3879.8999,3879.8999,175,132475
EICHERMOT_F2,16-11-2023,12:53:00,3878.3999,3878.3999,3878.3999,3878.3999,175,132475
EICHERMOT_F2,16-11-2023,12:54:00,3873.8,3873.8,3873.8,3873.8,175,132825
EICHERMOT_F2,16-11-2023,12:55:00,3872.0,3872.0,3872.0,3872.0,525,132825
EICHERMOT_F2,16-11-2023,12:58:00,3873.8501,3873.8501,3873.8501,3873.8501,175,132475
EICHERMOT_F2,16-11-2023,13:08:00,3877.55,3877.55,3877.55,3877.55,350,132650
EICHERMOT_F2,16-11-2023,13:18:00,3870.0,3870.0,3870.0,3870.0,175,132825
EICHERMOT_F2,16-11-2023,13:23:00,3867.0,3867.05,3867.0,3867.05,350,133000
EICHERMOT_F2,16-11-2023,13:28:00,3863.2,3863.2,3863.2,3863.2,175,132825
EICHERMOT_F2,16-11-2023,13:31:00,3862.1499,3862.1499,3862.1499,3862.1499,175,133000
EICHERMOT_F2,16-11-2023,13:34:00,3862.0,3862.0,3862.0,3862.0,175,133000
EICHERMOT_F2,16-11-2023,13:40:00,3862.0,3866.0,3860.0,3863.1001,4725,133175
EICHERMOT_F2,16-11-2023,13:41:00,3866.0,3869.95,3866.0,3869.95,10850,133175
EICHERMOT_F2,16-11-2023,13:42:00,3869.95,3871.0,3867.8,3871.0,7175,146125
EICHERMOT_F2,16-11-2023,13:44:00,3870.3501,3876.7,3870.3501,3876.7,1050,146125
EICHERMOT_F2,16-11-2023,13:45:00,3874.0,3878.8501,3874.0,3878.8501,4725,150325
EICHERMOT_F2,16-11-2023,13:53:00,3868.8999,3868.8999,3868.8999,3868.8999,175,152250
EICHERMOT_F2,16-11-2023,13:59:00,3867.0,3867.0,3867.0,3867.0,1225,152250
EICHERMOT_F2,16-11-2023,14:00:00,3867.0,3867.0,3867.0,3867.0,175,152250
EICHERMOT_F2,16-11-2023,14:01:00,3865.0,3865.0,3865.0,3865.0,6125,153300
EICHERMOT_F2,16-11-2023,14:04:00,3865.55,3865.55,3865.5,3865.5,1225,155225
EICHERMOT_F2,16-11-2023,14:05:00,3865.7,3865.8501,3865.7,3865.8501,350,155225
EICHERMOT_F2,16-11-2023,14:07:00,3860.0,3860.1001,3860.0,3860.1001,1050,156625
EICHERMOT_F2,16-11-2023,14:08:00,3860.0,3860.0,3860.0,3860.0,525,156625
EICHERMOT_F2,16-11-2023,14:10:00,3859.0,3859.0,3859.0,3859.0,175,156975
EICHERMOT_F2,16-11-2023,14:12:00,3864.3999,3864.3999,3860.0,3860.0,3500,158550
EICHERMOT_F2,16-11-2023,14:13:00,3860.0,3861.0,3860.0,3861.0,3675,158550
EICHERMOT_F2,16-11-2023,14:14:00,3860.0,3860.95,3860.0,3860.95,4375,158550
EICHERMOT_F2,16-11-2023,14:15:00,3860.0,3860.55,3860.0,3860.0,7000,169225
EICHERMOT_F2,16-11-2023,14:16:00,3860.05,3860.05,3860.0,3860.0,2100,169225
EICHERMOT_F2,16-11-2023,14:17:00,3860.0,3860.0,3860.0,3860.0,175,169225
EICHERMOT_F2,16-11-2023,14:18:00,3860.6499,3860.6499,3860.6499,3860.6499,350,172725
EICHERMOT_F2,16-11-2023,14:20:00,3862.7,3870.8501,3862.7,3870.3999,3850,172725
EICHERMOT_F2,16-11-2023,14:21:00,3870.3999,3875.0,3870.3999,3875.0,4725,172725
EICHERMOT_F2,16-11-2023,14:24:00,3868.6001,3868.6001,3868.6001,3868.6001,175,177100
EICHERMOT_F2,16-11-2023,14:27:00,3868.6499,3868.6499,3868.6499,3868.6499,175,177100
EICHERMOT_F2,16-11-2023,14:30:00,3871.8501,3871.8501,3871.8501,3871.8501,175,177100
EICHERMOT_F2,16-11-2023,14:31:00,3871.1499,3871.1499,3871.1499,3871.1499,175,177100
EICHERMOT_F2,16-11-2023,14:33:00,3875.0,3875.0,3875.0,3875.0,175,177100
EICHERMOT_F2,16-11-2023,14:36:00,3870.0,3870.0,3870.0,3870.0,175,176925
EICHERMOT_F2,16-11-2023,14:39:00,3872.75,3872.75,3872.75,3872.75,175,176925
EICHERMOT_F2,16-11-2023,14:49:00,3872.5,3872.5,3872.5,3872.5,175,176575
EICHERMOT_F2,16-11-2023,14:50:00,3865.0,3865.0,3865.0,3865.0,5950,176575
EICHERMOT_F2,16-11-2023,14:53:00,3870.45,3870.45,3870.45,3870.45,175,179550
EICHERMOT_F2,16-11-2023,14:57:00,3868.6499,3868.6499,3868.6499,3868.6499,175,179550
EICHERMOT_F2,16-11-2023,14:59:00,3868.3,3868.3,3868.3,3868.3,350,179550
EICHERMOT_F2,16-11-2023,15:06:00,3865.0,3865.0,3865.0,3865.0,175,179550
EICHERMOT_F2,16-11-2023,15:07:00,3863.1001,3863.1001,3863.1001,3863.1001,175,179375
EICHERMOT_F2,16-11-2023,15:08:00,3863.7,3864.7,3863.7,3864.7,525,179375
EICHERMOT_F2,16-11-2023,15:10:00,3864.7,3864.7,3864.7,3864.7,175,179025
EICHERMOT_F2,16-11-2023,15:11:00,3863.6001,3863.6001,3860.0,3860.0,525,179025
EICHERMOT_F2,16-11-2023,15:12:00,3860.0,3860.0,3860.0,3860.0,175,178325
EICHERMOT_F2,16-11-2023,15:24:00,3867.6499,3867.6499,3867.6499,3867.6499,350,178150
EICHERMOT_F2,16-11-2023,15:25:00,3865.7,3865.7,3865.7,3865.7,175,178150
EICHERMOT_F2,16-11-2023,15:28:00,3865.7,3865.7,3865.7,3865.7,175,177975
EICHERMOT_F2,16-11-2023,15:29:00,3868.75,3868.75,3864.5,3864.5,525,177975
EICHERMOT_F2,17-11-2023,09:15:00,3862.7,3871.3501,3862.7,3871.3501,527,175350
EICHERMOT_F2,17-11-2023,09:17:00,3888.6499,3888.6499,3880.6001,3880.6001,700,175350
EICHERMOT_F2,17-11-2023,09:18:00,3887.25,3887.25,3883.05,3885.3501,700,175350
EICHERMOT_F2,17-11-2023,09:19:00,3884.7,3895.0,3884.7,3895.0,2100,175350
EICHERMOT_F2,17-11-2023,09:20:00,3895.0,3895.0,3895.0,3895.0,525,174650
EICHERMOT_F2,17-11-2023,09:21:00,3893.5,3893.5,3886.95,3886.95,700,174650
EICHERMOT_F2,17-11-2023,09:22:00,3893.55,3899.95,3893.55,3898.75,2625,174650
EICHERMOT_F2,17-11-2023,09:23:00,3898.7,3900.0,3898.7,3900.0,1050,176050
EICHERMOT_F2,17-11-2023,09:24:00,3902.8501,3906.0,3902.8501,3906.0,1400,176050
EICHERMOT_F2,17-11-2023,09:25:00,3903.5,3903.55,3903.5,3903.55,350,176050
EICHERMOT_F2,17-11-2023,09:26:00,3906.7,3906.7,3905.55,3905.55,1050,176400
EICHERMOT_F2,17-11-2023,09:27:00,3908.2,3908.2,3904.0,3904.0,1400,176400
EICHERMOT_F2,17-11-2023,09:28:00,3904.3,3904.3,3904.3,3904.3,175,176400
EICHERMOT_F2,17-11-2023,09:29:00,3903.7,3907.3501,3903.7,3906.0,875,175875
EICHERMOT_F2,17-11-2023,09:30:00,3906.0,3906.0,3900.0,3900.0,525,175875
EICHERMOT_F2,17-11-2023,09:31:00,3896.1499,3900.0,3896.1499,3898.6001,700,175875
EICHERMOT_F2,17-11-2023,09:32:00,3898.75,3903.05,3898.75,3903.05,700,175700
EICHERMOT_F2,17-11-2023,09:33:00,3902.8,3904.8,3902.8,3903.05,1225,175700
EICHERMOT_F2,17-11-2023,09:34:00,3901.05,3901.05,3901.05,3901.05,700,175700
EICHERMOT_F2,17-11-2023,09:35:00,3899.8999,3901.05,3895.55,3895.55,700,176050
EICHERMOT_F2,17-11-2023,09:36:00,3896.6001,3905.0,3896.3999,3902.5,4725,176050
EICHERMOT_F2,17-11-2023,09:37:00,3905.95,3908.0,3905.95,3908.0,350,176050
EICHERMOT_F2,17-11-2023,09:38:00,3908.0,3908.0,3905.3,3905.8999,525,178675
EICHERMOT_F2,17-11-2023,09:39:00,3905.6499,3905.6499,3905.6499,3905.6499,175,178675
EICHERMOT_F2,17-11-2023,09:40:00,3905.1001,3906.8999,3905.1001,3905.25,700,178675
EICHERMOT_F2,17-11-2023,09:41:00,3903.5,3903.5,3903.5,3903.5,175,178675
EICHERMOT_F2,17-11-2023,09:42:00,3904.75,3904.75,3901.0,3901.05,525,177800
EICHERMOT_F2,17-11-2023,09:47:00,3900.0,3900.0,3900.0,3900.0,350,177800
EICHERMOT_F2,17-11-2023,09:49:00,3898.8501,3898.8501,3898.8501,3898.8501,350,177800
EICHERMOT_F2,17-11-2023,09:51:00,3899.0,3900.0,3899.0,3899.8999,875,177450
EICHERMOT_F2,17-11-2023,09:52:00,3904.0,3904.0,3904.0,3904.0,175,177450
EICHERMOT_F2,17-11-2023,09:53:00,3907.8501,3907.8501,3907.8501,3907.8501,350,177275
EICHERMOT_F2,17-11-2023,09:54:00,3910.0,3916.8501,3910.0,3916.75,10675,177275
EICHERMOT_F2,17-11-2023,09:55:00,3912.5,3917.8501,3912.5,3917.8501,4025,177275
EICHERMOT_F2,17-11-2023,09:56:00,3917.8501,3917.8501,3909.1499,3911.0,875,180250
EICHERMOT_F2,17-11-2023,09:58:00,3919.0,3920.0,3919.0,3920.0,525,180250
EICHERMOT_F2,17-11-2023,09:59:00,3920.0,3922.0,3920.0,3922.0,2450,179900
EICHERMOT_F2,17-11-2023,10:00:00,3922.0,3927.8,3922.0,3927.8,1925,179900
EICHERMOT_F2,17-11-2023,10:01:00,3926.0,3928.3999,3926.0,3928.3999,350,179900
EICHERMOT_F2,17-11-2023,10:03:00,3928.3999,3928.3999,3921.0,3923.3,4900,180075
EICHERMOT_F2,17-11-2023,10:05:00,3923.75,3924.0,3923.75,3924.0,350,180075
EICHERMOT_F2,17-11-2023,10:06:00,3924.0,3924.0,3924.0,3924.0,1400,180075
EICHERMOT_F2,17-11-2023,10:08:00,3923.7,3923.7,3917.6001,3917.6001,1050,180250
EICHERMOT_F2,17-11-2023,10:09:00,3917.6001,3917.6001,3917.6001,3917.6001,175,180250
EICHERMOT_F2,17-11-2023,10:11:00,3917.6001,3917.6001,3917.6001,3917.6001,350,179725
EICHERMOT_F2,17-11-2023,10:13:00,3917.0,3917.0,3916.0,3916.0,350,179725
EICHERMOT_F2,17-11-2023,10:15:00,3917.3999,3920.0,3914.0,3914.0,1575,179200
EICHERMOT_F2,17-11-2023,10:16:00,3917.55,3917.55,3917.55,3917.55,175,179200
EICHERMOT_F2,17-11-2023,10:17:00,3920.0,3920.0,3920.0,3920.0,350,179375
EICHERMOT_F2,17-11-2023,10:21:00,3916.0,3916.0,3916.0,3916.0,175,179200
EICHERMOT_F2,17-11-2023,10:26:00,3912.2,3912.2,3912.0,3912.0,350,179200
EICHERMOT_F2,17-11-2023,10:27:00,3915.0,3915.0,3915.0,3915.0,350,179025
EICHERMOT_F2,17-11-2023,10:28:00,3913.8,3913.8,3912.95,3912.95,1225,179025
EICHERMOT_F2,17-11-2023,10:29:00,3911.3501,3911.3501,3911.3501,3911.3501,175,179025
EICHERMOT_F2,17-11-2023,10:30:00,3910.0,3910.0,3910.0,3910.0,175,179025
EICHERMOT_F2,17-11-2023,10:32:00,3915.0,3915.0,3915.0,3915.0,175,179375
EICHERMOT_F2,17-11-2023,10:41:00,3921.7,3921.7,3921.7,3921.7,175,179550
EICHERMOT_F2,17-11-2023,10:43:00,3921.0,3921.0,3921.0,3921.0,175,179550
EICHERMOT_F2,17-11-2023,10:44:00,3913.0,3913.0,3913.0,3913.0,1225,179550
EICHERMOT_F2,17-11-2023,10:45:00,3914.0,3914.0,3913.5,3913.5,525,178675
EICHERMOT_F2,17-11-2023,10:50:00,3919.25,3919.25,3919.25,3919.25,175,178675
EICHERMOT_F2,17-11-2023,10:52:00,3921.45,3921.45,3921.45,3921.45,700,178675
EICHERMOT_F2,17-11-2023,10:58:00,3921.0,3921.0,3921.0,3921.0,175,178675
EICHERMOT_F2,17-11-2023,10:59:00,3920.0,3920.0,3915.8,3915.8,4200,179200
EICHERMOT_F2,17-11-2023,11:00:00,3918.0,3923.7,3918.0,3923.7,16275,179200
EICHERMOT_F2,17-11-2023,11:01:00,3924.0,3925.0,3921.8999,3924.8999,875,179200
EICHERMOT_F2,17-11-2023,11:08:00,3917.8999,3917.8999,3917.8999,3917.8999,175,195475
EICHERMOT_F2,17-11-2023,11:10:00,3914.2,3914.2,3912.6001,3912.6001,1400,195475
EICHERMOT_F2,17-11-2023,11:12:00,3914.25,3914.25,3914.0,3914.0,525,196000
EICHERMOT_F2,17-11-2023,11:13:00,3910.0,3910.0,3904.3501,3909.5,1575,196000
EICHERMOT_F2,17-11-2023,11:14:00,3910.1499,3910.1499,3905.3501,3905.3501,1925,195300
EICHERMOT_F2,17-11-2023,11:15:00,3906.0,3906.0,3906.0,3906.0,175,195300
EICHERMOT_F2,17-11-2023,11:17:00,3904.8999,3904.8999,3904.8999,3904.8999,175,194950
EICHERMOT_F2,17-11-2023,11:19:00,3904.0,3904.0,3895.7,3895.8999,2100,194950
EICHERMOT_F2,17-11-2023,11:20:00,3899.6499,3899.6499,3899.6499,3899.6499,175,194950
EICHERMOT_F2,17-11-2023,11:23:00,3897.0,3897.0,3897.0,3897.0,175,195300
EICHERMOT_F2,17-11-2023,11:24:00,3899.6001,3899.6001,3899.6001,3899.6001,175,195300
EICHERMOT_F2,17-11-2023,11:26:00,3903.0,3903.0,3903.0,3903.0,175,195300
EICHERMOT_F2,17-11-2023,11:27:00,3900.0,3900.0,3900.0,3900.0,175,195475
EICHERMOT_F2,17-11-2023,11:33:00,3900.0,3900.0,3900.0,3900.0,175,195475
EICHERMOT_F2,17-11-2023,11:37:00,3902.0,3902.0,3902.0,3902.0,175,195475
EICHERMOT_F2,17-11-2023,11:38:00,3902.1499,3902.1499,3902.1499,3902.1499,175,195475
EICHERMOT_F2,17-11-2023,11:39:00,3900.0,3901.2,3900.0,3901.2,525,195475
EICHERMOT_F2,17-11-2023,11:40:00,3901.1001,3901.1001,3901.1001,3901.1001,175,195475
EICHERMOT_F2,17-11-2023,11:43:00,3903.3999,3903.3999,3903.3999,3903.3999,175,195475
EICHERMOT_F2,17-11-2023,11:48:00,3895.0,3895.0,3895.0,3895.0,350,195475
EICHERMOT_F2,17-11-2023,11:50:00,3895.1499,3895.1499,3895.1499,3895.1499,175,195475
EICHERMOT_F2,17-11-2023,11:51:00,3895.0,3895.0,3895.0,3895.0,175,195475
EICHERMOT_F2,17-11-2023,11:53:00,3895.8501,3895.8501,3895.8501,3895.8501,175,195475
EICHERMOT_F2,17-11-2023,11:54:00,3895.0,3895.0,3895.0,3895.0,175,195300
EICHERMOT_F2,17-11-2023,11:56:00,3892.5,3892.5,3892.5,3892.5,1750,195300
EICHERMOT_F2,17-11-2023,12:00:00,3897.45,3897.45,3897.45,3897.45,175,195300
EICHERMOT_F2,17-11-2023,12:01:00,3897.0,3897.0,3897.0,3897.0,175,195300
EICHERMOT_F2,17-11-2023,12:03:00,3895.6499,3895.6499,3895.6499,3895.6499,175,195300
EICHERMOT_F2,17-11-2023,12:14:00,3900.0,3900.0,3900.0,3900.0,175,195125
EICHERMOT_F2,17-11-2023,12:15:00,3900.0,3900.0,3900.0,3900.0,175,195125
EICHERMOT_F2,17-11-2023,12:20:00,3901.0,3901.0,3901.0,3901.0,175,195125
EICHERMOT_F2,17-11-2023,12:22:00,3897.8999,3897.8999,3897.8999,3897.8999,175,195125
EICHERMOT_F2,17-11-2023,12:25:00,3898.55,3898.55,3898.55,3898.55,175,194950
EICHERMOT_F2,17-11-2023,12:27:00,3898.55,3898.55,3898.55,3898.55,175,195125
EICHERMOT_F2,17-11-2023,12:38:00,3898.55,3898.55,3898.55,3898.55,350,195300
EICHERMOT_F2,17-11-2023,12:43:00,3901.0,3901.0,3901.0,3901.0,175,194950
EICHERMOT_F2,17-11-2023,12:45:00,3901.0,3901.0,3901.0,3901.0,175,195125
EICHERMOT_F2,17-11-2023,12:47:00,3903.8501,3903.8501,3903.5,3903.5,350,195125
EICHERMOT_F2,17-11-2023,12:48:00,3902.45,3902.45,3902.45,3902.45,175,195475
EICHERMOT_F2,17-11-2023,12:52:00,3902.3,3902.3,3902.3,3902.3,175,195300
EICHERMOT_F2,17-11-2023,13:01:00,3897.5,3897.5,3897.5,3897.5,175,195300
EICHERMOT_F2,17-11-2023,13:02:00,3896.2,3896.2,3895.0,3895.0,350,195300
EICHERMOT_F2,17-11-2023,13:03:00,3895.0,3895.6499,3895.0,3895.6499,350,194950
EICHERMOT_F2,17-11-2023,13:08:00,3895.6499,3895.6499,3895.6499,3895.6499,350,194950
EICHERMOT_F2,17-11-2023,13:09:00,3898.6499,3898.6499,3898.6499,3898.6499,175,194950
EICHERMOT_F2,17-11-2023,13:13:00,3898.95,3898.95,3898.95,3898.95,175,194775
EICHERMOT_F2,17-11-2023,13:17:00,3903.05,3903.05,3903.05,3903.05,350,194775
EICHERMOT_F2,17-11-2023,13:25:00,3903.0,3903.0,3903.0,3903.0,175,194775
EICHERMOT_F2,17-11-2023,13:27:00,3903.25,3903.25,3903.25,3903.25,175,194775
EICHERMOT_F2,17-11-2023,13:28:00,3904.1499,3904.1499,3904.1499,3904.1499,175,194775
EICHERMOT_F2,17-11-2023,13:29:00,3904.1001,3904.1001,3904.1001,3904.1001,175,194775
EICHERMOT_F2,17-11-2023,13:31:00,3903.8501,3903.8501,3903.8501,3903.8501,175,194950
EICHERMOT_F2,17-11-2023,13:35:00,3904.1001,3904.1001,3904.1001,3904.1001,175,195125
EICHERMOT_F2,17-11-2023,13:36:00,3904.1499,3904.1499,3904.1499,3904.1499,175,195125
EICHERMOT_F2,17-11-2023,13:38:00,3908.1001,3908.1001,3908.1001,3908.1001,175,195125
EICHERMOT_F2,17-11-2023,13:47:00,3909.0,3909.0,3909.0,3909.0,175,194950
EICHERMOT_F2,17-11-2023,13:52:00,3911.0,3911.0,3911.0,3911.0,350,194950
EICHERMOT_F2,17-11-2023,13:54:00,3909.3,3909.3,3907.0,3907.0,350,194600
EICHERMOT_F2,17-11-2023,14:00:00,3908.45,3908.45,3908.45,3908.45,175,194425
EICHERMOT_F2,17-11-2023,14:08:00,3903.95,3903.95,3903.95,3903.95,175,194600
EICHERMOT_F2,17-11-2023,14:10:00,3906.1001,3906.1001,3906.1001,3906.1001,175,194600
EICHERMOT_F2,17-11-2023,14:13:00,3904.0,3904.0,3904.0,3904.0,175,194775
EICHERMOT_F2,17-11-2023,14:14:00,3900.0,3900.0,3900.0,3900.0,175,194775
EICHERMOT_F2,17-11-2023,14:17:00,3899.1001,3899.1001,3897.5,3897.5,350,194950
EICHERMOT_F2,17-11-2023,14:19:00,3897.6499,3897.6499,3897.0,3897.6499,525,194775
EICHERMOT_F2,17-11-2023,14:23:00,3901.7,3901.7,3901.7,3901.7,175,194425
EICHERMOT_F2,17-11-2023,14:32:00,3894.95,3894.95,3894.95,3894.95,175,194425
EICHERMOT_F2,17-11-2023,14:36:00,3894.95,3894.95,3894.95,3894.95,175,194600
EICHERMOT_F2,17-11-2023,14:42:00,3902.0,3902.0,3902.0,3902.0,350,194600
EICHERMOT_F2,17-11-2023,14:43:00,3904.0,3904.0,3904.0,3904.0,175,194600
EICHERMOT_F2,17-11-2023,14:57:00,3901.5,3901.5,3901.3501,3901.3501,350,194425
EICHERMOT_F2,17-11-2023,14:59:00,3899.7,3899.7,3899.7,3899.7,175,194425
EICHERMOT_F2,17-11-2023,15:07:00,3903.7,3903.7,3901.1001,3901.1001,350,194075
EICHERMOT_F2,17-11-2023,15:08:00,3900.25,3900.25,3900.05,3900.05,350,194075
EICHERMOT_F2,17-11-2023,15:09:00,3900.3999,3900.3999,3900.3999,3900.3999,175,194075
EICHERMOT_F2,17-11-2023,15:10:00,3900.6001,3900.6001,3900.6001,3900.6001,175,193550
EICHERMOT_F2,17-11-2023,15:11:00,3900.25,3900.25,3900.25,3900.25,175,193550
EICHERMOT_F2,17-11-2023,15:14:00,3901.1499,3901.1499,3901.1499,3901.1499,175,193200
EICHERMOT_F2,17-11-2023,15:15:00,3902.1499,3902.1499,3902.1499,3902.1499,175,193025
EICHERMOT_F2,17-11-2023,15:16:00,3902.1499,3902.1499,3902.1499,3902.1499,175,193025
EICHERMOT_F2,17-11-2023,15:18:00,3904.2,3904.2,3900.6499,3900.6499,875,192850
EICHERMOT_F2,17-11-2023,15:20:00,3900.6499,3900.6499,3900.6499,3900.6499,350,192850
EICHERMOT_F2,17-11-2023,15:22:00,3901.0,3901.3,3901.0,3901.3,350,192325
EICHERMOT_F2,17-11-2023,15:23:00,3899.8501,3903.7,3899.8501,3900.6001,700,192325
EICHERMOT_F2,17-11-2023,15:24:00,3900.6001,3900.6001,3900.6001,3900.6001,350,192500
EICHERMOT_F2,17-11-2023,15:26:00,3901.2,3901.2,3901.2,3901.2,175,192500
EICHERMOT_F2,17-11-2023,15:27:00,3903.0,3903.0,3902.25,3902.25,350,192500
EICHERMOT_F2,17-11-2023,15:28:00,3903.6499,3905.0,3903.6499,3905.0,350,192675
EICHERMOT_F2,17-11-2023,15:29:00,3902.5,3902.5,3902.5,3902.5,525,192675
EICHERMOT_F2,20-11-2023,09:15:00,3887.0,3887.0,3880.8999,3880.95,878,192850
EICHERMOT_F2,20-11-2023,09:16:00,3892.8,3892.8,3892.8,3892.8,350,192850
EICHERMOT_F2,20-11-2023,09:18:00,3895.0,3902.95,3895.0,3902.95,525,193200
EICHERMOT_F2,20-11-2023,09:19:00,3911.3,3911.3,3911.3,3911.3,175,193200
EICHERMOT_F2,20-11-2023,09:20:00,3913.3501,3913.3501,3913.3501,3913.3501,350,193200
EICHERMOT_F2,20-11-2023,09:22:00,3916.6001,3916.6001,3916.6001,3916.6001,175,194075
EICHERMOT_F2,20-11-2023,09:23:00,3916.6001,3916.6001,3916.6001,3916.6001,175,194075
EICHERMOT_F2,20-11-2023,09:24:00,3919.0,3919.0,3919.0,3919.0,175,194075
EICHERMOT_F2,20-11-2023,09:25:00,3919.0,3919.0,3919.0,3919.0,350,194075
EICHERMOT_F2,20-11-2023,09:28:00,3913.5,3913.5,3913.5,3913.5,175,194075
EICHERMOT_F2,20-11-2023,09:30:00,3910.0,3910.0,3910.0,3910.0,175,194075
EICHERMOT_F2,20-11-2023,09:32:00,3909.0,3909.0,3909.0,3909.0,175,194250
EICHERMOT_F2,20-11-2023,09:34:00,3906.2,3906.2,3906.2,3906.2,175,194250
EICHERMOT_F2,20-11-2023,09:36:00,3906.8501,3906.8501,3906.8501,3906.8501,175,194250
EICHERMOT_F2,20-11-2023,09:37:00,3910.5,3910.5,3910.5,3910.5,175,194250
EICHERMOT_F2,20-11-2023,09:38:00,3907.0,3907.0,3907.0,3907.0,175,194250
EICHERMOT_F2,20-11-2023,09:39:00,3908.95,3908.95,3908.95,3908.95,175,194250
EICHERMOT_F2,20-11-2023,09:40:00,3905.3,3905.3,3905.3,3905.3,175,194250
EICHERMOT_F2,20-11-2023,09:41:00,3908.0,3908.0,3908.0,3908.0,175,194250
EICHERMOT_F2,20-11-2023,09:44:00,3910.05,3910.05,3910.05,3910.05,350,194075
EICHERMOT_F2,20-11-2023,09:47:00,3915.8501,3915.8501,3915.8501,3915.8501,175,193900
EICHERMOT_F2,20-11-2023,09:50:00,3910.0,3910.0,3908.0,3908.0,350,194075
EICHERMOT_F2,20-11-2023,10:02:00,3910.3999,3911.1001,3910.3999,3911.1001,350,194250
EICHERMOT_F2,20-11-2023,10:05:00,3905.0,3905.0,3904.7,3904.7,525,194425
EICHERMOT_F2,20-11-2023,10:06:00,3900.0,3900.0,3900.0,3900.0,350,194425
EICHERMOT_F2,20-11-2023,10:08:00,3891.3501,3891.3501,3887.95,3887.95,350,194600
EICHERMOT_F2,20-11-2023,10:13:00,3890.05,3890.05,3890.05,3890.05,175,194600
EICHERMOT_F2,20-11-2023,10:14:00,3890.0,3890.0,3890.0,3890.0,175,194600
EICHERMOT_F2,20-11-2023,10:17:00,3890.75,3890.75,3890.75,3890.75,175,194425
EICHERMOT_F2,20-11-2023,10:21:00,3895.8501,3895.8501,3895.8501,3895.8501,175,194600
EICHERMOT_F2,20-11-2023,10:23:00,3895.8501,3895.8501,3895.8501,3895.8501,175,194600
EICHERMOT_F2,20-11-2023,10:26:00,3894.7,3894.7,3894.7,3894.7,175,194425
EICHERMOT_F2,20-11-2023,10:28:00,3897.75,3897.75,3897.75,3897.75,175,194425
EICHERMOT_F2,20-11-2023,10:31:00,3894.8,3894.8,3894.8,3894.8,175,194250
EICHERMOT_F2,20-11-2023,10:33:00,3888.6499,3888.6499,3888.6499,3888.6499,175,194425
EICHERMOT_F2,20-11-2023,10:35:00,3885.0,3885.0,3885.0,3885.0,350,194425
EICHERMOT_F2,20-11-2023,10:36:00,3885.3999,3885.3999,3881.6001,3885.0,525,194425
EICHERMOT_F2,20-11-2023,10:38:00,3884.0,3884.0,3884.0,3884.0,175,194425
EICHERMOT_F2,20-11-2023,10:39:00,3884.0,3884.0,3884.0,3884.0,175,194250
EICHERMOT_F2,20-11-2023,10:40:00,3883.1499,3883.1499,3883.1499,3883.1499,175,194250
EICHERMOT_F2,20-11-2023,10:42:00,3886.5,3886.5,3886.5,3886.5,175,194250
EICHERMOT_F2,20-11-2023,10:44:00,3886.55,3886.55,3886.55,3886.55,175,194250
EICHERMOT_F2,20-11-2023,10:46:00,3886.55,3886.55,3886.55,3886.55,350,194600
EICHERMOT_F2,20-11-2023,10:51:00,3884.5,3884.5,3884.5,3884.5,175,194775
EICHERMOT_F2,20-11-2023,10:52:00,3880.0,3880.0,3880.0,3880.0,350,194775
EICHERMOT_F2,20-11-2023,10:53:00,3878.05,3878.05,3878.05,3878.05,175,194775
EICHERMOT_F2,20-11-2023,10:54:00,3878.05,3878.05,3878.05,3878.05,175,194775
EICHERMOT_F2,20-11-2023,10:55:00,3882.3999,3882.3999,3882.3999,3882.3999,175,194775
EICHERMOT_F2,20-11-2023,11:02:00,3882.6001,3882.6001,3882.6001,3882.6001,175,194600
EICHERMOT_F2,20-11-2023,11:04:00,3878.0,3878.0,3878.0,3878.0,350,194775
EICHERMOT_F2,20-11-2023,11:05:00,3878.0,3878.0,3875.3501,3875.3501,1050,194775
EICHERMOT_F2,20-11-2023,11:07:00,3877.1001,3877.1001,3877.1001,3877.1001,175,194425
EICHERMOT_F2,20-11-2023,11:12:00,3879.55,3879.55,3879.55,3879.55,175,194425
EICHERMOT_F2,20-11-2023,11:13:00,3875.0,3875.0,3875.0,3875.0,525,194425
EICHERMOT_F2,20-11-2023,11:15:00,3875.0,3877.7,3875.0,3877.7,350,194600
EICHERMOT_F2,20-11-2023,11:17:00,3875.0,3875.0,3875.0,3875.0,175,194600
EICHERMOT_F2,20-11-2023,11:20:00,3872.45,3872.45,3872.45,3872.45,175,194600
EICHERMOT_F2,20-11-2023,11:24:00,3872.45,3872.45,3872.45,3872.45,175,194600
EICHERMOT_F2,20-11-2023,11:28:00,3872.45,3879.0,3872.45,3879.0,350,194425
EICHERMOT_F2,20-11-2023,11:30:00,3879.0,3879.0,3879.0,3879.0,1225,194075
EICHERMOT_F2,20-11-2023,11:34:00,3880.2,3880.2,3880.2,3880.2,175,194075
EICHERMOT_F2,20-11-2023,11:36:00,3877.25,3877.25,3877.25,3877.25,175,194075
EICHERMOT_F2,20-11-2023,11:48:00,3874.95,3874.95,3874.95,3874.95,175,194075
EICHERMOT_F2,20-11-2023,11:49:00,3875.0,3875.0,3875.0,3875.0,175,194075
EICHERMOT_F2,20-11-2023,11:53:00,3873.3501,3873.3501,3873.3501,3873.3501,175,194075
EICHERMOT_F2,20-11-2023,11:55:00,3872.0,3872.0,3872.0,3872.0,350,193900
EICHERMOT_F2,20-11-2023,11:58:00,3870.0,3870.0,3870.0,3870.0,700,193900
EICHERMOT_F2,20-11-2023,11:59:00,3870.0,3870.0,3870.0,3870.0,175,193900
EICHERMOT_F2,20-11-2023,12:02:00,3869.7,3869.7,3868.0,3868.0,350,193550
EICHERMOT_F2,20-11-2023,12:04:00,3868.0,3868.0,3868.0,3868.0,350,193550
EICHERMOT_F2,20-11-2023,12:06:00,3870.55,3870.55,3870.55,3870.55,350,193900
EICHERMOT_F2,20-11-2023,12:10:00,3874.0,3874.0,3874.0,3874.0,175,193725
EICHERMOT_F2,20-11-2023,12:16:00,3870.0,3870.0,3870.0,3870.0,175,193725
EICHERMOT_F2,20-11-2023,12:17:00,3874.0,3874.0,3874.0,3874.0,175,193725
EICHERMOT_F2,20-11-2023,12:20:00,3871.6499,3871.6499,3871.6499,3871.6499,175,193550
EICHERMOT_F2,20-11-2023,12:29:00,3870.0,3870.0,3870.0,3870.0,350,193375
EICHERMOT_F2,20-11-2023,12:30:00,3868.0,3868.0,3868.0,3868.0,175,193375
EICHERMOT_F2,20-11-2023,12:33:00,3873.3501,3873.3501,3873.3501,3873.3501,175,193375
EICHERMOT_F2,20-11-2023,12:35:00,3869.7,3869.7,3869.7,3869.7,175,193375
EICHERMOT_F2,20-11-2023,12:39:00,3865.6001,3865.6001,3865.6001,3865.6001,175,193375
EICHERMOT_F2,20-11-2023,12:40:00,3860.0,3860.0,3860.0,3860.0,700,193375
EICHERMOT_F2,20-11-2023,12:45:00,3859.0,3859.0,3859.0,3859.0,700,193200
EICHERMOT_F2,20-11-2023,12:46:00,3859.0,3859.0,3856.55,3856.55,525,193200
EICHERMOT_F2,20-11-2023,12:47:00,3856.55,3856.55,3856.55,3856.55,175,193200
EICHERMOT_F2,20-11-2023,12:55:00,3859.8999,3859.8999,3859.8999,3859.8999,350,192675
EICHERMOT_F2,20-11-2023,13:00:00,3859.3,3859.3,3859.3,3859.3,175,192675
EICHERMOT_F2,20-11-2023,13:01:00,3857.2,3857.2,3857.2,3857.2,350,192675
EICHERMOT_F2,20-11-2023,13:05:00,3863.55,3863.55,3863.55,3863.55,350,192500
EICHERMOT_F2,20-11-2023,13:06:00,3867.8999,3867.8999,3867.8999,3867.8999,175,192850
EICHERMOT_F2,20-11-2023,13:07:00,3865.6001,3865.6001,3865.6001,3865.6001,175,192850
EICHERMOT_F2,20-11-2023,13:08:00,3863.5,3863.5,3863.5,3863.5,175,192850
EICHERMOT_F2,20-11-2023,13:28:00,3865.0,3865.0,3865.0,3865.0,175,193200
EICHERMOT_F2,20-11-2023,13:33:00,3865.0,3865.0,3865.0,3865.0,175,193200
EICHERMOT_F2,20-11-2023,13:38:00,3867.95,3867.95,3867.95,3867.95,175,193200
EICHERMOT_F2,20-11-2023,13:42:00,3866.1499,3866.1499,3866.1499,3866.1499,175,193200
EICHERMOT_F2,20-11-2023,13:46:00,3871.0,3871.0,3871.0,3871.0,175,193200
EICHERMOT_F2,20-11-2023,13:49:00,3865.0,3865.0,3865.0,3865.0,175,193025
EICHERMOT_F2,20-11-2023,13:53:00,3863.6001,3863.6001,3863.6001,3863.6001,175,193025
EICHERMOT_F2,20-11-2023,13:56:00,3860.55,3860.55,3860.55,3860.55,175,193025
EICHERMOT_F2,20-11-2023,14:03:00,3858.0,3858.0,3858.0,3858.0,175,193200
EICHERMOT_F2,20-11-2023,14:04:00,3858.2,3858.2,3858.2,3858.2,175,193375
EICHERMOT_F2,20-11-2023,14:06:00,3857.0,3857.0,3857.0,3857.0,175,193375
EICHERMOT_F2,20-11-2023,14:07:00,3853.0,3853.0,3852.0,3852.0,1925,193375
EICHERMOT_F2,20-11-2023,14:08:00,3850.2,3850.2,3850.2,3850.2,350,193375
EICHERMOT_F2,20-11-2023,14:11:00,3850.2,3850.2,3850.2,3850.2,175,193725
EICHERMOT_F2,20-11-2023,14:17:00,3865.0,3865.5,3865.0,3865.5,350,193725
EICHERMOT_F2,20-11-2023,14:18:00,3865.0,3865.0,3865.0,3865.0,175,193725
EICHERMOT_F2,20-11-2023,14:25:00,3867.8,3867.8,3867.8,3867.8,175,193725
EICHERMOT_F2,20-11-2023,14:26:00,3865.8999,3865.8999,3865.8999,3865.8999,175,193725
EICHERMOT_F2,20-11-2023,14:29:00,3868.0,3870.8999,3868.0,3870.8999,525,193550
EICHERMOT_F2,20-11-2023,14:35:00,3870.0,3870.0,3870.0,3870.0,175,193375
EICHERMOT_F2,20-11-2023,14:38:00,3870.0,3870.0,3870.0,3870.0,175,193375
EICHERMOT_F2,20-11-2023,14:40:00,3870.0,3870.0,3870.0,3870.0,175,193375
EICHERMOT_F2,20-11-2023,14:51:00,3868.2,3868.2,3868.2,3868.2,175,193550
EICHERMOT_F2,20-11-2023,14:59:00,3873.0,3873.0,3873.0,3873.0,5250,193725
EICHERMOT_F2,20-11-2023,15:02:00,3872.0,3872.0,3872.0,3872.0,10150,198625
EICHERMOT_F2,20-11-2023,15:03:00,3876.0,3876.8501,3876.0,3876.8501,14875,210700
EICHERMOT_F2,20-11-2023,15:08:00,3874.45,3874.45,3874.45,3874.45,350,215250
EICHERMOT_F2,20-11-2023,15:16:00,3870.3999,3870.3999,3870.3999,3870.3999,175,214900
EICHERMOT_F2,20-11-2023,15:17:00,3873.25,3873.25,3873.25,3873.25,350,214900
EICHERMOT_F2,20-11-2023,15:19:00,3872.75,3872.75,3872.75,3872.75,175,214725
EICHERMOT_F2,20-11-2023,15:20:00,3875.0,3875.0,3875.0,3875.0,350,214725
EICHERMOT_F2,20-11-2023,15:21:00,3872.8,3872.8,3872.8,3872.8,175,214725
EICHERMOT_F2,20-11-2023,15:23:00,3873.0,3873.0,3873.0,3873.0,175,214900
EICHERMOT_F2,20-11-2023,15:25:00,3873.0,3873.0,3873.0,3873.0,175,215075
EICHERMOT_F2,20-11-2023,15:26:00,3875.0,3875.0,3875.0,3875.0,175,215075
EICHERMOT_F2,20-11-2023,15:27:00,3875.0,3875.0,3875.0,3875.0,700,214725
EICHERMOT_F2,20-11-2023,15:29:00,3871.55,3874.3,3871.55,3874.3,525,214725
EICHERMOT_F2,21-11-2023,09:15:00,3878.55,3888.8999,3878.55,3888.8999,1052,215075
EICHERMOT_F2,21-11-2023,09:16:00,3879.2,3885.0,3879.2,3885.0,350,215075
EICHERMOT_F2,21-11-2023,09:17:00,3885.0,3886.2,3882.5,3882.5,525,215775
EICHERMOT_F2,21-11-2023,09:18:00,3880.0,3880.0,3880.0,3880.0,350,215775
EICHERMOT_F2,21-11-2023,09:19:00,3879.45,3883.75,3879.45,3883.75,525,215775
EICHERMOT_F2,21-11-2023,09:21:00,3884.0,3884.0,3884.0,3884.0,175,215600
EICHERMOT_F2,21-11-2023,09:23:00,3886.0,3886.0,3886.0,3886.0,175,215600
EICHERMOT_F2,21-11-2023,09:24:00,3880.0,3880.0,3880.0,3880.0,175,215600
EICHERMOT_F2,21-11-2023,09:27:00,3882.0,3882.0,3882.0,3882.0,175,215775
EICHERMOT_F2,21-11-2023,09:29:00,3875.3,3875.3,3872.2,3872.2,1225,215775
EICHERMOT_F2,21-11-2023,09:30:00,3872.2,3883.0,3872.2,3883.0,1225,216125
EICHERMOT_F2,21-11-2023,09:31:00,3882.95,3882.95,3882.95,3882.95,700,216125
EICHERMOT_F2,21-11-2023,09:32:00,3881.95,3881.95,3881.95,3881.95,175,216125
EICHERMOT_F2,21-11-2023,09:35:00,3878.6499,3878.6499,3878.6499,3878.6499,175,217525
EICHERMOT_F2,21-11-2023,09:37:00,3880.8501,3880.8501,3880.8501,3880.8501,350,217700
EICHERMOT_F2,21-11-2023,09:39:00,3876.55,3880.8501,3876.55,3880.8501,350,217875
EICHERMOT_F2,21-11-2023,09:40:00,3880.8501,3880.8501,3880.8501,3880.8501,175,217875
EICHERMOT_F2,21-11-2023,09:45:00,3885.75,3885.75,3885.75,3885.75,175,218225
EICHERMOT_F2,21-11-2023,09:46:00,3880.75,3880.75,3880.75,3880.75,175,218225
EICHERMOT_F2,21-11-2023,09:49:00,3878.05,3878.05,3878.05,3878.05,175,218225
EICHERMOT_F2,21-11-2023,09:51:00,3881.1001,3881.1001,3881.1001,3881.1001,175,218400
EICHERMOT_F2,21-11-2023,09:55:00,3875.05,3875.05,3875.05,3875.05,175,218575
EICHERMOT_F2,21-11-2023,09:58:00,3875.05,3875.05,3875.05,3875.05,700,218575
EICHERMOT_F2,21-11-2023,09:59:00,3877.7,3877.7,3877.7,3877.7,175,218575
EICHERMOT_F2,21-11-2023,10:00:00,3875.0,3875.0,3875.0,3875.0,175,218925
EICHERMOT_F2,21-11-2023,10:02:00,3871.55,3871.55,3871.55,3871.55,175,218925
EICHERMOT_F2,21-11-2023,10:03:00,3871.55,3871.55,3871.55,3871.55,175,219100
EICHERMOT_F2,21-11-2023,10:06:00,3871.55,3873.75,3871.55,3873.75,350,219275
EICHERMOT_F2,21-11-2023,10:15:00,3877.7,3883.3999,3877.7,3883.3999,1050,219625
EICHERMOT_F2,21-11-2023,10:17:00,3882.7,3882.7,3882.7,3882.7,175,219625
EICHERMOT_F2,21-11-2023,10:19:00,3884.0,3885.0,3884.0,3885.0,525,219450
EICHERMOT_F2,21-11-2023,10:20:00,3889.3999,3889.3999,3889.3999,3889.3999,175,219450
EICHERMOT_F2,21-11-2023,10:21:00,3889.75,3889.75,3889.75,3889.75,175,219450
EICHERMOT_F2,21-11-2023,10:22:00,3892.6001,3892.6001,3892.6001,3892.6001,175,219450
EICHERMOT_F2,21-11-2023,10:23:00,3892.6001,3892.6001,3884.8999,3884.8999,525,219450
EICHERMOT_F2,21-11-2023,10:24:00,3885.5,3885.5,3885.5,3885.5,175,219275
EICHERMOT_F2,21-11-2023,10:35:00,3879.0,3879.0,3879.0,3879.0,175,219450
EICHERMOT_F2,21-11-2023,10:38:00,3873.75,3873.75,3873.75,3873.75,175,219450
EICHERMOT_F2,21-11-2023,10:39:00,3868.1001,3868.1001,3868.1001,3868.1001,350,219800
EICHERMOT_F2,21-11-2023,10:40:00,3868.1001,3868.1001,3868.05,3868.05,350,219800
EICHERMOT_F2,21-11-2023,10:42:00,3868.05,3868.05,3868.05,3868.05,175,219625
EICHERMOT_F2,21-11-2023,10:43:00,3868.05,3868.05,3868.05,3868.05,175,219625
EICHERMOT_F2,21-11-2023,10:46:00,3867.05,3867.05,3867.05,3867.05,175,219625
EICHERMOT_F2,21-11-2023,10:49:00,3865.0,3865.0,3865.0,3865.0,175,219625
EICHERMOT_F2,21-11-2023,10:51:00,3862.8,3862.8,3862.8,3862.8,175,219625
EICHERMOT_F2,21-11-2023,10:54:00,3860.0,3860.0,3860.0,3860.0,350,219625
EICHERMOT_F2,21-11-2023,10:55:00,3855.0,3856.1499,3855.0,3856.1499,700,219625
EICHERMOT_F2,21-11-2023,10:56:00,3859.3,3859.3,3859.3,3859.3,175,219625
EICHERMOT_F2,21-11-2023,10:57:00,3859.3,3859.3,3859.3,3859.3,175,219975
EICHERMOT_F2,21-11-2023,10:58:00,3862.8999,3862.8999,3862.8999,3862.8999,175,219975
EICHERMOT_F2,21-11-2023,11:01:00,3862.1001,3862.1001,3862.1001,3862.1001,175,220150
EICHERMOT_F2,21-11-2023,11:05:00,3862.75,3862.75,3862.75,3862.75,175,220150
EICHERMOT_F2,21-11-2023,11:06:00,3857.8,3857.8,3857.8,3857.8,350,220325
EICHERMOT_F2,21-11-2023,11:08:00,3859.45,3859.45,3859.45,3859.45,175,220325
EICHERMOT_F2,21-11-2023,11:10:00,3858.0,3858.0,3858.0,3858.0,175,220500
EICHERMOT_F2,21-11-2023,11:11:00,3858.55,3858.55,3858.55,3858.55,175,220500
EICHERMOT_F2,21-11-2023,11:12:00,3856.75,3856.75,3856.75,3856.75,175,220675
EICHERMOT_F2,21-11-2023,11:18:00,3858.8,3858.8,3858.8,3858.8,175,220675
EICHERMOT_F2,21-11-2023,11:20:00,3856.6499,3859.95,3856.6499,3859.95,525,220675
EICHERMOT_F2,21-11-2023,11:21:00,3865.1001,3865.1001,3865.1001,3865.1001,350,221025
EICHERMOT_F2,21-11-2023,11:23:00,3863.25,3863.25,3863.25,3863.25,175,221025
EICHERMOT_F2,21-11-2023,11:24:00,3863.25,3863.25,3862.8999,3862.8999,350,220850
EICHERMOT_F2,21-11-2023,11:26:00,3862.25,3862.25,3862.25,3862.25,175,220850
EICHERMOT_F2,21-11-2023,11:27:00,3856.55,3856.55,3854.1001,3854.1001,1050,220850
EICHERMOT_F2,21-11-2023,11:29:00,3854.1001,3854.1001,3854.0,3854.0,350,221550
EICHERMOT_F2,21-11-2023,11:31:00,3854.0,3860.0,3854.0,3860.0,350,221550
EICHERMOT_F2,21-11-2023,11:34:00,3862.0,3862.0,3862.0,3862.0,175,221900
EICHERMOT_F2,21-11-2023,11:35:00,3859.6499,3859.6499,3859.6499,3859.6499,175,221900
EICHERMOT_F2,21-11-2023,11:38:00,3860.3,3860.3,3860.3,3860.3,175,221900
EICHERMOT_F2,21-11-2023,11:45:00,3857.55,3857.55,3857.55,3857.55,175,221900
EICHERMOT_F2,21-11-2023,11:48:00,3861.0,3861.0,3861.0,3861.0,175,222075
EICHERMOT_F2,21-11-2023,11:51:00,3861.8501,3864.55,3861.8501,3864.55,350,222075
EICHERMOT_F2,21-11-2023,11:54:00,3870.0,3870.0,3870.0,3870.0,175,222250
EICHERMOT_F2,21-11-2023,11:55:00,3870.8,3870.8,3870.8,3870.8,175,222250
EICHERMOT_F2,21-11-2023,12:03:00,3872.3501,3872.3501,3872.3501,3872.3501,175,222075
EICHERMOT_F2,21-11-2023,12:08:00,3870.05,3870.05,3870.05,3870.05,175,222250
EICHERMOT_F2,21-11-2023,12:10:00,3869.55,3869.55,3869.55,3869.55,175,222250
EICHERMOT_F2,21-11-2023,12:12:00,3869.55,3869.55,3868.6001,3868.6001,350,222425
EICHERMOT_F2,21-11-2023,12:15:00,3870.0,3873.0,3870.0,3873.0,700,222425
EICHERMOT_F2,21-11-2023,12:17:00,3872.1001,3872.25,3872.1001,3872.25,525,222425
EICHERMOT_F2,21-11-2023,12:19:00,3874.55,3874.55,3874.55,3874.55,175,223125
EICHERMOT_F2,21-11-2023,12:21:00,3879.95,3879.95,3879.95,3879.95,175,223125
EICHERMOT_F2,21-11-2023,12:22:00,3882.1001,3882.1001,3882.1001,3882.1001,175,223125
EICHERMOT_F2,21-11-2023,12:23:00,3883.8,3883.8,3883.8,3883.8,175,223125
EICHERMOT_F2,21-11-2023,12:24:00,3883.75,3884.0,3883.75,3884.0,525,223125
EICHERMOT_F2,21-11-2023,12:25:00,3885.1499,3889.2,3885.1499,3889.2,700,223125
EICHERMOT_F2,21-11-2023,12:26:00,3891.0,3894.0,3891.0,3894.0,700,223125
EICHERMOT_F2,21-11-2023,12:27:00,3895.7,3895.7,3895.7,3895.7,175,223125
EICHERMOT_F2,21-11-2023,12:28:00,3896.0,3898.75,3896.0,3898.75,700,222425
EICHERMOT_F2,21-11-2023,12:29:00,3898.75,3898.75,3896.0,3896.0,525,222425
EICHERMOT_F2,21-11-2023,12:30:00,3892.25,3892.25,3892.25,3892.25,175,223125
EICHERMOT_F2,21-11-2023,12:32:00,3892.25,3892.25,3892.25,3892.25,875,223125
EICHERMOT_F2,21-11-2023,12:33:00,3892.25,3892.25,3890.0,3890.0,700,224000
EICHERMOT_F2,21-11-2023,12:37:00,3882.0,3882.0,3882.0,3882.0,175,223475
EICHERMOT_F2,21-11-2023,12:41:00,3881.3999,3881.45,3881.3999,3881.45,350,223475
EICHERMOT_F2,21-11-2023,12:42:00,3881.0,3881.0,3881.0,3881.0,175,223475
EICHERMOT_F2,21-11-2023,12:56:00,3876.7,3876.7,3876.7,3876.7,175,223300
EICHERMOT_F2,21-11-2023,12:57:00,3876.75,3877.75,3876.6001,3877.75,875,223300
EICHERMOT_F2,21-11-2023,12:59:00,3876.55,3876.55,3876.55,3876.55,175,223300
EICHERMOT_F2,21-11-2023,13:00:00,3875.45,3875.45,3875.3,3875.3,350,223475
EICHERMOT_F2,21-11-2023,13:01:00,3874.0,3874.0,3874.0,3874.0,350,223475
EICHERMOT_F2,21-11-2023,13:02:00,3874.0,3878.3501,3874.0,3878.3501,700,223475
EICHERMOT_F2,21-11-2023,13:03:00,3881.0,3881.0,3880.2,3880.2,1225,224525
EICHERMOT_F2,21-11-2023,13:09:00,3876.0,3876.0,3876.0,3876.0,175,224700
EICHERMOT_F2,21-11-2023,13:20:00,3877.3999,3877.3999,3877.3999,3877.3999,175,224525
EICHERMOT_F2,21-11-2023,13:25:00,3880.7,3880.7,3880.0,3880.0,525,224525
EICHERMOT_F2,21-11-2023,13:34:00,3880.0,3880.0,3880.0,3880.0,175,224525
EICHERMOT_F2,21-11-2023,13:37:00,3878.7,3878.7,3878.7,3878.7,175,224700
EICHERMOT_F2,21-11-2023,13:47:00,3875.8999,3875.8999,3875.8999,3875.8999,175,224700
EICHERMOT_F2,21-11-2023,13:48:00,3875.0,3875.05,3875.0,3875.05,350,224700
EICHERMOT_F2,21-11-2023,13:55:00,3872.0,3872.0,3872.0,3872.0,175,224700
EICHERMOT_F2,21-11-2023,14:01:00,3878.55,3878.55,3878.55,3878.55,175,224700
EICHERMOT_F2,21-11-2023,14:13:00,3880.0,3880.0,3880.0,3880.0,175,224700
EICHERMOT_F2,21-11-2023,14:14:00,3877.55,3877.55,3877.55,3877.55,175,224700
EICHERMOT_F2,21-11-2023,14:15:00,3877.95,3878.0,3877.95,3878.0,700,224875
EICHERMOT_F2,21-11-2023,14:17:00,3877.3,3877.3,3877.3,3877.3,350,224875
EICHERMOT_F2,21-11-2023,14:18:00,3879.2,3879.2,3879.2,3879.2,175,224875
EICHERMOT_F2,21-11-2023,14:19:00,3878.0,3878.0,3878.0,3878.0,175,224875
EICHERMOT_F2,21-11-2023,14:22:00,3880.5,3880.5,3880.5,3880.5,175,225050
EICHERMOT_F2,21-11-2023,14:24:00,3880.5,3880.5,3880.5,3880.5,175,225050
EICHERMOT_F2,21-11-2023,14:26:00,3879.0,3879.0,3879.0,3879.0,175,225050
EICHERMOT_F2,21-11-2023,14:34:00,3877.8501,3877.8501,3877.8501,3877.8501,700,225225
EICHERMOT_F2,21-11-2023,14:41:00,3879.5,3879.5,3879.5,3879.5,175,225225
EICHERMOT_F2,21-11-2023,14:42:00,3878.5,3878.5,3878.5,3878.5,175,225225
EICHERMOT_F2,21-11-2023,14:43:00,3881.95,3881.95,3881.95,3881.95,175,225225
EICHERMOT_F2,21-11-2023,14:44:00,3880.0,3880.0,3880.0,3880.0,350,225225
EICHERMOT_F2,21-11-2023,14:46:00,3879.95,3879.95,3879.95,3879.95,175,225400
EICHERMOT_F2,21-11-2023,14:50:00,3879.1499,3879.1499,3879.1499,3879.1499,700,225575
EICHERMOT_F2,21-11-2023,14:54:00,3877.6001,3877.6001,3877.6001,3877.6001,175,225925
EICHERMOT_F2,21-11-2023,14:57:00,3877.6001,3877.6001,3877.6001,3877.6001,350,225925
EICHERMOT_F2,21-11-2023,14:58:00,3876.25,3876.25,3871.8,3871.8,350,225925
EICHERMOT_F2,21-11-2023,14:59:00,3873.0,3873.0,3873.0,3873.0,175,225925
EICHERMOT_F2,21-11-2023,15:00:00,3877.55,3877.55,3877.55,3877.55,175,226100
EICHERMOT_F2,21-11-2023,15:01:00,3878.8501,3878.8501,3878.8501,3878.8501,175,226100
EICHERMOT_F2,21-11-2023,15:04:00,3878.8,3878.8,3878.8,3878.8,175,226450
EICHERMOT_F2,21-11-2023,15:05:00,3883.0,3883.0,3883.0,3883.0,175,226450
EICHERMOT_F2,21-11-2023,15:08:00,3880.05,3880.2,3880.05,3880.2,350,226450
EICHERMOT_F2,21-11-2023,15:10:00,3880.0,3880.0,3880.0,3880.0,525,226275
EICHERMOT_F2,21-11-2023,15:11:00,3877.55,3877.55,3877.55,3877.55,175,226275
EICHERMOT_F2,21-11-2023,15:16:00,3877.5,3877.5,3876.6001,3876.6001,1050,226800
EICHERMOT_F2,21-11-2023,15:18:00,3875.8,3875.8,3875.75,3875.75,350,227150
EICHERMOT_F2,21-11-2023,15:20:00,3875.7,3875.7,3875.7,3875.7,175,227150
EICHERMOT_F2,21-11-2023,15:21:00,3873.0,3874.3501,3873.0,3874.3501,350,227150
EICHERMOT_F2,21-11-2023,15:23:00,3875.0,3875.0,3875.0,3875.0,175,227675
EICHERMOT_F2,21-11-2023,15:24:00,3871.8,3873.6001,3871.8,3873.6001,525,227675
EICHERMOT_F2,21-11-2023,15:26:00,3873.0,3873.0,3873.0,3873.0,175,227675
EICHERMOT_F2,21-11-2023,15:27:00,3870.0,3872.3501,3870.0,3872.3501,875,227850
EICHERMOT_F2,21-11-2023,15:28:00,3872.0,3872.0,3872.0,3872.0,175,227850
EICHERMOT_F2,21-11-2023,15:29:00,3870.5,3874.3999,3870.5,3874.3501,525,227850
EICHERMOT_F2,22-11-2023,09:15:00,3863.0,3871.75,3863.0,3871.75,527,228200
EICHERMOT_F2,22-11-2023,09:17:00,3882.3,3882.3,3882.3,3882.3,525,228550
EICHERMOT_F2,22-11-2023,09:19:00,3882.3,3882.3,3882.3,3882.3,175,228550
EICHERMOT_F2,22-11-2023,09:20:00,3882.3,3882.3,3880.0,3880.0,700,228550
EICHERMOT_F2,22-11-2023,09:24:00,3871.55,3871.55,3871.55,3871.55,1050,229775
EICHERMOT_F2,22-11-2023,09:26:00,3873.95,3874.7,3873.95,3874.7,700,230300
EICHERMOT_F2,22-11-2023,09:28:00,3874.7,3875.95,3874.7,3875.95,350,230300
EICHERMOT_F2,22-11-2023,09:30:00,3876.75,3876.75,3876.75,3876.75,350,230650
EICHERMOT_F2,22-11-2023,09:31:00,3879.8,3879.8501,3879.8,3879.8501,525,230650
EICHERMOT_F2,22-11-2023,09:35:00,3872.8,3872.8,3872.8,3872.8,175,231525
EICHERMOT_F2,22-11-2023,09:41:00,3871.0,3871.0,3871.0,3871.0,350,231700
EICHERMOT_F2,22-11-2023,09:43:00,3873.6499,3873.6499,3873.6499,3873.6499,175,232050
EICHERMOT_F2,22-11-2023,09:45:00,3870.0,3870.0,3870.0,3870.0,175,232225
EICHERMOT_F2,22-11-2023,09:50:00,3871.55,3871.55,3871.55,3871.55,525,232400
EICHERMOT_F2,22-11-2023,09:54:00,3872.6001,3872.6001,3872.6001,3872.6001,175,232400
EICHERMOT_F2,22-11-2023,09:57:00,3872.6001,3872.6001,3872.6001,3872.6001,525,232225
EICHERMOT_F2,22-11-2023,09:58:00,3868.0,3868.0,3868.0,3868.0,175,232225
EICHERMOT_F2,22-11-2023,10:03:00,3862.6001,3862.6001,3859.0,3859.0,525,232575
EICHERMOT_F2,22-11-2023,10:04:00,3859.0,3859.0,3859.0,3859.0,175,232575
EICHERMOT_F2,22-11-2023,10:05:00,3854.8,3854.8,3853.95,3853.95,1225,232575
EICHERMOT_F2,22-11-2023,10:06:00,3856.3501,3856.3501,3856.3501,3856.3501,175,232575
EICHERMOT_F2,22-11-2023,10:07:00,3856.3501,3857.8,3856.0,3857.8,700,232575
EICHERMOT_F2,22-11-2023,10:08:00,3857.3999,3857.3999,3856.7,3856.7,525,232575
EICHERMOT_F2,22-11-2023,10:09:00,3857.8999,3857.8999,3854.75,3854.75,350,233625
EICHERMOT_F2,22-11-2023,10:10:00,3857.7,3860.3501,3857.7,3860.3501,350,233625
EICHERMOT_F2,22-11-2023,10:12:00,3861.1499,3861.1499,3861.1499,3861.1499,350,234150
EICHERMOT_F2,22-11-2023,10:14:00,3858.0,3858.0,3858.0,3858.0,175,234150
EICHERMOT_F2,22-11-2023,10:15:00,3857.05,3857.05,3856.95,3856.95,525,234150
EICHERMOT_F2,22-11-2023,10:16:00,3857.95,3857.95,3857.95,3857.95,175,234150
EICHERMOT_F2,22-11-2023,10:17:00,3857.95,3857.95,3857.95,3857.95,175,234150
EICHERMOT_F2,22-11-2023,10:18:00,3855.0,3855.0,3855.0,3855.0,175,234150
EICHERMOT_F2,22-11-2023,10:19:00,3850.0,3850.0,3843.45,3843.45,3325,233625
EICHERMOT_F2,22-11-2023,10:20:00,3848.05,3848.05,3845.1001,3845.1001,525,233450
EICHERMOT_F2,22-11-2023,10:21:00,3846.45,3847.55,3843.5,3843.5,1575,233450
EICHERMOT_F2,22-11-2023,10:22:00,3843.0,3845.0,3842.2,3842.2,1050,233450
EICHERMOT_F2,22-11-2023,10:23:00,3844.45,3844.45,3842.0,3842.0,700,235025
EICHERMOT_F2,22-11-2023,10:25:00,3850.0,3850.0,3847.0,3847.45,1575,235025
EICHERMOT_F2,22-11-2023,10:26:00,3847.45,3847.45,3847.45,3847.45,175,235025
EICHERMOT_F2,22-11-2023,10:28:00,3845.0,3845.0,3845.0,3845.0,175,236250
EICHERMOT_F2,22-11-2023,10:29:00,3843.3999,3843.3999,3843.3999,3843.3999,525,236250
EICHERMOT_F2,22-11-2023,10:30:00,3842.0,3842.0,3842.0,3842.0,350,236250
EICHERMOT_F2,22-11-2023,10:31:00,3840.0,3842.1499,3840.0,3842.1499,525,236250
EICHERMOT_F2,22-11-2023,10:35:00,3842.5,3843.0,3842.1499,3843.0,1050,236425
EICHERMOT_F2,22-11-2023,10:36:00,3841.55,3841.55,3841.55,3841.55,175,236950
EICHERMOT_F2,22-11-2023,10:37:00,3844.5,3846.0,3844.5,3846.0,350,236950
EICHERMOT_F2,22-11-2023,10:39:00,3845.2,3845.2,3845.2,3845.2,175,236775
EICHERMOT_F2,22-11-2023,10:42:00,3851.5,3851.5,3851.5,3851.5,175,236775
EICHERMOT_F2,22-11-2023,10:45:00,3849.6499,3849.6499,3847.0,3847.0,2100,236775
EICHERMOT_F2,22-11-2023,10:46:00,3848.55,3848.55,3848.55,3848.55,175,236775
EICHERMOT_F2,22-11-2023,10:47:00,3851.1499,3851.3501,3851.1499,3851.3501,350,236775
EICHERMOT_F2,22-11-2023,10:48:00,3850.45,3850.45,3850.45,3850.45,175,237475
EICHERMOT_F2,22-11-2023,10:50:00,3849.0,3849.0,3845.8501,3845.8501,350,237475
EICHERMOT_F2,22-11-2023,10:54:00,3847.0,3847.0,3847.0,3847.0,175,237825
EICHERMOT_F2,22-11-2023,10:57:00,3846.6001,3846.6001,3846.6001,3846.6001,175,237650
EICHERMOT_F2,22-11-2023,11:01:00,3846.55,3846.55,3846.55,3846.55,175,237650
EICHERMOT_F2,22-11-2023,11:02:00,3846.55,3846.55,3846.55,3846.55,175,237650
EICHERMOT_F2,22-11-2023,11:03:00,3847.3,3851.45,3847.3,3851.45,525,238000
EICHERMOT_F2,22-11-2023,11:04:00,3858.25,3858.25,3858.25,3858.25,175,238000
EICHERMOT_F2,22-11-2023,11:05:00,3858.25,3858.25,3858.25,3858.25,175,238000
EICHERMOT_F2,22-11-2023,11:06:00,3857.3501,3858.25,3857.3501,3858.25,525,238000
EICHERMOT_F2,22-11-2023,11:07:00,3861.1499,3862.7,3861.1499,3862.7,700,238000
EICHERMOT_F2,22-11-2023,11:08:00,3859.8501,3859.8501,3859.8501,3859.8501,175,238000
EICHERMOT_F2,22-11-2023,11:18:00,3865.1001,3865.1001,3865.1001,3865.1001,175,237650
EICHERMOT_F2,22-11-2023,11:25:00,3867.0,3867.55,3867.0,3867.55,525,237650
EICHERMOT_F2,22-11-2023,11:26:00,3868.3999,3870.0,3868.3999,3870.0,350,237650
EICHERMOT_F2,22-11-2023,11:28:00,3869.2,3869.2,3869.2,3869.2,175,237650
EICHERMOT_F2,22-11-2023,11:30:00,3869.2,3869.2,3869.2,3869.2,525,237825
EICHERMOT_F2,22-11-2023,11:32:00,3865.95,3865.95,3865.95,3865.95,175,237825
EICHERMOT_F2,22-11-2023,11:33:00,3868.05,3868.05,3868.05,3868.05,175,238000
EICHERMOT_F2,22-11-2023,11:34:00,3870.25,3870.25,3870.0,3870.1001,525,238000
EICHERMOT_F2,22-11-2023,11:39:00,3870.0,3870.0,3870.0,3870.0,175,237825
EICHERMOT_F2,22-11-2023,11:41:00,3869.8999,3869.8999,3869.8999,3869.8999,175,237825
EICHERMOT_F2,22-11-2023,11:43:00,3870.1001,3870.1001,3870.1001,3870.1001,350,238000
EICHERMOT_F2,22-11-2023,11:49:00,3870.0,3870.0,3870.0,3870.0,525,238000
EICHERMOT_F2,22-11-2023,11:53:00,3870.0,3870.0,3870.0,3870.0,175,238000
EICHERMOT_F2,22-11-2023,11:54:00,3868.0,3868.0,3868.0,3868.0,175,238000
EICHERMOT_F2,22-11-2023,11:56:00,3865.0,3865.0,3865.0,3865.0,175,238000
EICHERMOT_F2,22-11-2023,11:58:00,3858.0,3859.1499,3858.0,3859.1499,525,238175
EICHERMOT_F2,22-11-2023,11:59:00,3860.8501,3860.8501,3860.8501,3860.8501,175,238175
EICHERMOT_F2,22-11-2023,12:01:00,3861.8,3861.8,3861.8,3861.8,175,238000
EICHERMOT_F2,22-11-2023,12:02:00,3865.8999,3867.0,3865.8999,3867.0,350,238000
EICHERMOT_F2,22-11-2023,12:10:00,3865.0,3865.0,3865.0,3865.0,350,237650
EICHERMOT_F2,22-11-2023,12:11:00,3865.95,3865.95,3865.95,3865.95,350,237650
EICHERMOT_F2,22-11-2023,12:15:00,3872.0,3874.45,3872.0,3873.75,875,238000
EICHERMOT_F2,22-11-2023,12:17:00,3875.5,3875.5,3875.5,3875.5,350,238000
EICHERMOT_F2,22-11-2023,12:18:00,3875.5,3875.5,3875.5,3875.5,350,238175
EICHERMOT_F2,22-11-2023,12:21:00,3867.5,3867.5,3867.5,3867.5,175,238175
EICHERMOT_F2,22-11-2023,12:22:00,3867.5,3867.5,3867.5,3867.5,175,238175
EICHERMOT_F2,22-11-2023,12:23:00,3866.0,3866.0,3866.0,3866.0,350,238175
EICHERMOT_F2,22-11-2023,12:24:00,3864.0,3864.1001,3864.0,3864.1001,350,238000
EICHERMOT_F2,22-11-2023,12:25:00,3861.3999,3861.3999,3861.3999,3861.3999,175,238000
EICHERMOT_F2,22-11-2023,12:29:00,3861.3999,3861.3999,3861.3999,3861.3999,175,238000
EICHERMOT_F2,22-11-2023,12:30:00,3858.8501,3858.8501,3858.8501,3858.8501,175,237825
EICHERMOT_F2,22-11-2023,12:36:00,3866.3,3867.5,3866.3,3867.5,350,237825
EICHERMOT_F2,22-11-2023,12:37:00,3870.0,3870.0,3870.0,3870.0,175,237825
EICHERMOT_F2,22-11-2023,12:38:00,3875.0,3875.05,3875.0,3875.05,350,237825
EICHERMOT_F2,22-11-2023,12:40:00,3867.6001,3869.3999,3867.6001,3868.1499,1225,238350
EICHERMOT_F2,22-11-2023,12:41:00,3864.95,3865.7,3864.95,3865.7,350,238350
EICHERMOT_F2,22-11-2023,12:45:00,3861.2,3861.2,3861.2,3861.2,175,239225
EICHERMOT_F2,22-11-2023,13:00:00,3867.6499,3867.6499,3867.6499,3867.6499,525,239050
EICHERMOT_F2,22-11-2023,13:01:00,3863.75,3863.75,3863.7,3863.75,700,239050
EICHERMOT_F2,22-11-2023,13:02:00,3865.0,3866.25,3865.0,3866.25,350,239050
EICHERMOT_F2,22-11-2023,13:04:00,3860.55,3864.2,3860.55,3864.2,2100,238700
EICHERMOT_F2,22-11-2023,13:09:00,3866.05,3866.05,3866.05,3866.05,1225,238350
EICHERMOT_F2,22-11-2023,13:10:00,3866.3501,3866.3501,3866.3501,3866.3501,175,238350
EICHERMOT_F2,22-11-2023,13:12:00,3868.3,3868.3,3868.3,3868.3,525,238350
EICHERMOT_F2,22-11-2023,13:14:00,3865.05,3865.05,3865.05,3865.05,350,238350
EICHERMOT_F2,22-11-2023,13:19:00,3863.6001,3863.6001,3863.6001,3863.6001,175,238875
EICHERMOT_F2,22-11-2023,13:20:00,3863.6499,3863.6499,3863.6499,3863.6499,175,238875
EICHERMOT_F2,22-11-2023,13:34:00,3861.0,3861.0,3861.0,3861.0,175,239225
EICHERMOT_F2,22-11-2023,13:35:00,3860.3,3861.0,3860.3,3861.0,350,239225
EICHERMOT_F2,22-11-2023,13:37:00,3861.3,3861.3,3861.3,3861.3,175,239575
EICHERMOT_F2,22-11-2023,13:38:00,3860.25,3860.25,3860.25,3860.25,175,239575
EICHERMOT_F2,22-11-2023,13:40:00,3859.25,3859.25,3859.25,3859.25,525,239575
EICHERMOT_F2,22-11-2023,13:42:00,3861.0,3861.0,3861.0,3861.0,175,239575
EICHERMOT_F2,22-11-2023,13:46:00,3861.0,3861.0,3861.0,3861.0,1750,239575
EICHERMOT_F2,22-11-2023,13:50:00,3866.0,3866.0,3866.0,3866.0,175,240100
EICHERMOT_F2,22-11-2023,13:58:00,3862.0,3862.0,3862.0,3862.0,350,239750
EICHERMOT_F2,22-11-2023,14:06:00,3862.0,3862.0,3862.0,3862.0,3500,239925
EICHERMOT_F2,22-11-2023,14:07:00,3861.95,3861.95,3861.95,3861.95,1050,239925
EICHERMOT_F2,22-11-2023,14:08:00,3861.95,3861.95,3861.95,3861.95,1575,239925
EICHERMOT_F2,22-11-2023,14:09:00,3861.95,3861.95,3861.95,3861.95,350,239925
EICHERMOT_F2,22-11-2023,14:14:00,3861.95,3861.95,3861.95,3861.95,175,242550
EICHERMOT_F2,22-11-2023,14:17:00,3863.3999,3863.3999,3863.3999,3863.3999,175,242375
EICHERMOT_F2,22-11-2023,14:19:00,3863.3999,3863.3999,3863.3999,3863.3999,175,242375
EICHERMOT_F2,22-11-2023,14:21:00,3862.3999,3862.3999,3862.3999,3862.3999,175,242375
EICHERMOT_F2,22-11-2023,14:22:00,3863.6001,3863.6001,3863.6001,3863.6001,350,242375
EICHERMOT_F2,22-11-2023,14:26:00,3863.6001,3863.6001,3863.6001,3863.6001,525,242900
EICHERMOT_F2,22-11-2023,14:28:00,3867.75,3867.8501,3867.75,3867.8501,525,242900
EICHERMOT_F2,22-11-2023,14:29:00,3870.0,3870.0,3870.0,3870.0,175,242900
EICHERMOT_F2,22-11-2023,14:31:00,3869.8501,3869.8501,3869.8501,3869.8501,350,243250
EICHERMOT_F2,22-11-2023,14:33:00,3872.3,3872.3,3872.3,3872.3,175,243425
EICHERMOT_F2,22-11-2023,14:35:00,3875.0,3875.0,3875.0,3875.0,525,243425
EICHERMOT_F2,22-11-2023,14:36:00,3875.0,3875.0,3875.0,3875.0,175,243425
EICHERMOT_F2,22-11-2023,14:41:00,3870.6499,3871.3,3870.6499,3871.3,350,243600
EICHERMOT_F2,22-11-2023,14:42:00,3870.6499,3870.6499,3870.6499,3870.6499,175,243600
EICHERMOT_F2,22-11-2023,14:45:00,3870.3501,3870.75,3870.3501,3870.75,350,243775
EICHERMOT_F2,22-11-2023,14:46:00,3871.3501,3871.3501,3871.3501,3871.3501,175,243775
EICHERMOT_F2,22-11-2023,14:47:00,3869.6001,3870.75,3869.6001,3870.75,525,243775
EICHERMOT_F2,22-11-2023,14:48:00,3871.25,3871.25,3871.25,3871.25,175,243775
EICHERMOT_F2,22-11-2023,14:50:00,3864.95,3865.25,3864.95,3865.25,875,244475
EICHERMOT_F2,22-11-2023,14:51:00,3870.2,3870.2,3870.2,3870.2,350,244475
EICHERMOT_F2,22-11-2023,14:55:00,3865.8,3865.8501,3865.8,3865.8501,875,245350
EICHERMOT_F2,22-11-2023,14:57:00,3863.0,3863.0,3863.0,3863.0,350,245350
EICHERMOT_F2,22-11-2023,14:59:00,3863.0,3863.0,3863.0,3863.0,175,245875
EICHERMOT_F2,22-11-2023,15:00:00,3864.5,3864.5,3864.5,3864.5,175,245875
EICHERMOT_F2,22-11-2023,15:01:00,3868.55,3869.5,3868.55,3869.1001,875,245875
EICHERMOT_F2,22-11-2023,15:04:00,3872.95,3872.95,3872.95,3872.95,175,246400
EICHERMOT_F2,22-11-2023,15:05:00,3873.0,3873.0,3873.0,3873.0,350,246400
EICHERMOT_F2,22-11-2023,15:06:00,3871.6001,3871.6001,3871.6001,3871.6001,350,246400
EICHERMOT_F2,22-11-2023,15:07:00,3871.6001,3871.6001,3871.6001,3871.6001,350,246750
EICHERMOT_F2,22-11-2023,15:08:00,3873.6001,3873.6001,3873.6001,3873.6001,175,246750
EICHERMOT_F2,22-11-2023,15:12:00,3873.6001,3873.6001,3870.0,3870.0,525,246750
EICHERMOT_F2,22-11-2023,15:14:00,3868.8,3871.05,3868.8,3871.05,700,246750
EICHERMOT_F2,22-11-2023,15:15:00,3869.8,3869.8,3869.8,3869.8,175,246750
EICHERMOT_F2,22-11-2023,15:16:00,3868.5,3868.5,3866.45,3866.45,1050,247625
EICHERMOT_F2,22-11-2023,15:20:00,3868.25,3868.25,3868.25,3868.25,175,247975
EICHERMOT_F2,22-11-2023,15:21:00,3868.25,3868.25,3868.25,3868.25,525,248325
EICHERMOT_F2,22-11-2023,15:22:00,3868.95,3868.95,3868.95,3868.95,350,248325
EICHERMOT_F2,22-11-2023,15:23:00,3869.75,3871.1001,3869.75,3871.1001,350,248325
EICHERMOT_F2,22-11-2023,15:24:00,3871.1001,3873.7,3871.1001,3873.7,700,249200
EICHERMOT_F2,22-11-2023,15:26:00,3871.1499,3871.1499,3868.0,3868.0,1400,249200
EICHERMOT_F2,22-11-2023,15:28:00,3872.0,3873.8501,3872.0,3873.8501,525,249550
EICHERMOT_F2,22-11-2023,15:29:00,3871.5,3871.5,3871.5,3871.5,350,249550
EICHERMOT_F2,22-11-2023,15:30:00,3880.0,3880.0,3880.0,3880.0,350,249550
EICHERMOT_F2,23-11-2023,09:15:00,3870.0,3880.0,3870.0,3880.0,702,249550
EICHERMOT_F2,23-11-2023,09:16:00,3904.8501,3904.8501,3900.0,3900.0,2275,249550
EICHERMOT_F2,23-11-2023,09:17:00,3901.6499,3901.6499,3899.5,3900.0,2100,250775
EICHERMOT_F2,23-11-2023,09:18:00,3905.0,3905.0,3900.75,3900.75,2800,250775
EICHERMOT_F2,23-11-2023,09:19:00,3904.1499,3918.1001,3904.1499,3908.55,28175,250775
EICHERMOT_F2,23-11-2023,09:20:00,3910.3999,3914.0,3906.8501,3914.0,6300,254100
EICHERMOT_F2,23-11-2023,09:21:00,3915.0,3928.0,3915.0,3925.0,7875,254100
EICHERMOT_F2,23-11-2023,09:22:00,3927.5,3936.0,3922.0,3936.0,9975,254100
EICHERMOT_F2,23-11-2023,09:23:00,3936.0,3941.3501,3930.45,3934.8,7525,257425
EICHERMOT_F2,23-11-2023,09:24:00,3933.1001,3935.95,3924.0,3924.05,10675,257425
EICHERMOT_F2,23-11-2023,09:25:00,3918.3,3929.3999,3918.3,3927.8,15925,257425
EICHERMOT_F2,23-11-2023,09:26:00,3927.3,3928.0,3920.0,3928.0,6825,271600
EICHERMOT_F2,23-11-2023,09:27:00,3928.0,3928.0,3923.2,3924.25,4375,271600
EICHERMOT_F2,23-11-2023,09:28:00,3922.1499,3924.25,3920.25,3923.8,4375,271600
EICHERMOT_F2,23-11-2023,09:29:00,3922.5,3923.2,3910.5,3914.55,6475,275625
EICHERMOT_F2,23-11-2023,09:30:00,3914.8999,3915.0,3911.2,3914.8501,6475,275625
EICHERMOT_F2,23-11-2023,09:31:00,3914.55,3921.95,3914.2,3920.3999,9450,275625
EICHERMOT_F2,23-11-2023,09:32:00,3919.2,3919.45,3914.0,3919.45,2450,288225
EICHERMOT_F2,23-11-2023,09:33:00,3922.3,3922.8,3922.3,3922.8,350,288225
EICHERMOT_F2,23-11-2023,09:34:00,3919.45,3920.6499,3912.8501,3912.8501,3850,288225
EICHERMOT_F2,23-11-2023,09:35:00,3912.3999,3913.45,3912.3999,3912.3999,700,284200
EICHERMOT_F2,23-11-2023,09:36:00,3915.5,3918.75,3915.0,3917.3999,1925,284200
EICHERMOT_F2,23-11-2023,09:37:00,3915.95,3916.05,3910.05,3916.05,5075,284200
EICHERMOT_F2,23-11-2023,09:38:00,3920.0,3920.0,3914.5,3918.95,1400,284900
EICHERMOT_F2,23-11-2023,09:39:00,3920.5,3920.5,3915.3,3919.95,700,284900
EICHERMOT_F2,23-11-2023,09:40:00,3919.6001,3919.6001,3915.55,3919.1499,1575,284900
EICHERMOT_F2,23-11-2023,09:41:00,3919.1001,3920.0,3919.1001,3920.0,350,284900
EICHERMOT_F2,23-11-2023,09:42:00,3917.1001,3917.1001,3915.0,3915.05,1400,284200
EICHERMOT_F2,23-11-2023,09:43:00,3915.0,3915.0,3914.05,3914.05,350,284200
EICHERMOT_F2,23-11-2023,09:44:00,3913.8501,3913.8501,3913.8501,3913.8501,525,284200
EICHERMOT_F2,23-11-2023,09:45:00,3917.3,3919.0,3917.0,3919.0,525,284725
EICHERMOT_F2,23-11-2023,09:46:00,3915.2,3917.0,3915.2,3917.0,525,284725
EICHERMOT_F2,23-11-2023,09:47:00,3917.0,3919.0,3917.0,3919.0,350,285250
EICHERMOT_F2,23-11-2023,09:48:00,3914.05,3916.75,3913.0,3916.75,2450,285250
EICHERMOT_F2,23-11-2023,09:49:00,3917.5,3918.8,3916.1001,3916.1001,7875,285250
EICHERMOT_F2,23-11-2023,09:50:00,3918.0,3924.25,3918.0,3924.25,3500,289275
EICHERMOT_F2,23-11-2023,09:51:00,3925.0,3925.0,3925.0,3925.0,525,289275
EICHERMOT_F2,23-11-2023,09:52:00,3927.0,3932.0,3927.0,3932.0,2975,289275
EICHERMOT_F2,23-11-2023,09:53:00,3931.05,3933.3,3928.05,3933.3,3150,289100
EICHERMOT_F2,23-11-2023,09:55:00,3929.95,3934.0,3929.95,3934.0,7525,289100
EICHERMOT_F2,23-11-2023,09:56:00,3923.55,3923.6499,3921.75,3923.6499,1050,294000
EICHERMOT_F2,23-11-2023,09:57:00,3923.7,3929.45,3923.7,3929.45,525,294000
EICHERMOT_F2,23-11-2023,09:58:00,3932.2,3932.2,3928.95,3929.0,2450,294000
EICHERMOT_F2,23-11-2023,09:59:00,3929.45,3929.45,3923.5,3929.05,3675,298900
EICHERMOT_F2,23-11-2023,10:00:00,3928.6001,3928.6001,3928.6001,3928.6001,350,298900
EICHERMOT_F2,23-11-2023,10:01:00,3928.0,3928.0,3921.55,3921.55,525,298900
EICHERMOT_F2,23-11-2023,10:02:00,3920.0,3920.0,3920.0,3920.0,175,298900
EICHERMOT_F2,23-11-2023,10:03:00,3920.0,3920.0,3919.6499,3919.6499,525,299425
EICHERMOT_F2,23-11-2023,10:04:00,3921.0,3921.0,3920.3501,3920.3501,1050,299425
EICHERMOT_F2,23-11-2023,10:06:00,3916.3999,3923.8999,3916.3999,3923.8999,7350,300125
EICHERMOT_F2,23-11-2023,10:07:00,3923.2,3923.2,3923.2,3923.2,350,300125
EICHERMOT_F2,23-11-2023,10:08:00,3925.05,3925.3501,3925.05,3925.3501,525,301000
EICHERMOT_F2,23-11-2023,10:09:00,3925.3501,3926.0,3924.2,3926.0,525,301000
EICHERMOT_F2,23-11-2023,10:10:00,3926.0,3930.6001,3926.0,3930.6001,1225,301000
EICHERMOT_F2,23-11-2023,10:11:00,3927.7,3927.7,3927.6499,3927.6499,350,301000
EICHERMOT_F2,23-11-2023,10:12:00,3928.25,3931.5,3928.25,3931.5,1925,302225
EICHERMOT_F2,23-11-2023,10:13:00,3931.5,3932.2,3931.0,3931.0,700,302225
EICHERMOT_F2,23-11-2023,10:14:00,3932.45,3932.45,3930.2,3930.2,350,302225
EICHERMOT_F2,23-11-2023,10:15:00,3930.0,3930.0,3925.45,3925.45,1225,303275
EICHERMOT_F2,23-11-2023,10:17:00,3922.95,3922.95,3920.1001,3920.55,1050,303275
EICHERMOT_F2,23-11-2023,10:18:00,3920.05,3920.05,3919.55,3919.55,875,303800
EICHERMOT_F2,23-11-2023,10:19:00,3918.0,3918.0,3918.0,3918.0,175,303800
EICHERMOT_F2,23-11-2023,10:20:00,3918.0,3918.0,3918.0,3918.0,700,303800
EICHERMOT_F2,23-11-2023,10:21:00,3920.0,3920.0,3918.0,3918.0,350,304325
EICHERMOT_F2,23-11-2023,10:24:00,3918.0,3918.0,3918.0,3918.0,175,304325
EICHERMOT_F2,23-11-2023,10:25:00,3922.05,3922.05,3922.0,3922.0,2800,304325
EICHERMOT_F2,23-11-2023,10:26:00,3922.0,3923.0,3922.0,3923.0,525,304325
EICHERMOT_F2,23-11-2023,10:27:00,3925.0,3928.75,3925.0,3928.75,5775,306075
EICHERMOT_F2,23-11-2023,10:28:00,3928.75,3929.3,3928.75,3929.25,875,306075
EICHERMOT_F2,23-11-2023,10:29:00,3929.5,3929.5,3928.75,3928.75,350,309400
EICHERMOT_F2,23-11-2023,10:30:00,3928.75,3928.75,3928.75,3928.75,350,309400
EICHERMOT_F2,23-11-2023,10:31:00,3928.45,3928.75,3928.45,3928.75,1400,309400
EICHERMOT_F2,23-11-2023,10:32:00,3929.0,3930.2,3929.0,3930.2,350,309400
EICHERMOT_F2,23-11-2023,10:33:00,3926.8,3926.8,3926.8,3926.8,175,310975
EICHERMOT_F2,23-11-2023,10:34:00,3923.55,3923.55,3923.55,3923.55,350,310975
EICHERMOT_F2,23-11-2023,10:35:00,3923.55,3923.55,3923.55,3923.55,175,310975
EICHERMOT_F2,23-11-2023,10:37:00,3923.55,3923.55,3922.0,3922.0,350,311150
EICHERMOT_F2,23-11-2023,10:39:00,3920.0,3920.0,3918.0,3918.0,350,311325
EICHERMOT_F2,23-11-2023,10:40:00,3919.0,3922.0,3919.0,3922.0,525,311325
EICHERMOT_F2,23-11-2023,10:41:00,3922.0,3922.0,3922.0,3922.0,525,311325
EICHERMOT_F2,23-11-2023,10:42:00,3925.0,3925.0,3925.0,3925.0,1050,311150
EICHERMOT_F2,23-11-2023,10:43:00,3921.8999,3921.8999,3921.8999,3921.8999,175,311150
EICHERMOT_F2,23-11-2023,10:44:00,3921.8999,3921.8999,3921.8999,3921.8999,175,311150
EICHERMOT_F2,23-11-2023,10:45:00,3920.8,3921.6001,3920.8,3921.6001,525,311150
EICHERMOT_F2,23-11-2023,10:47:00,3921.45,3921.45,3921.45,3921.45,175,311150
EICHERMOT_F2,23-11-2023,10:48:00,3924.2,3924.2,3924.2,3924.2,700,311500
EICHERMOT_F2,23-11-2023,10:49:00,3924.0,3924.0,3924.0,3924.0,175,311500
EICHERMOT_F2,23-11-2023,10:50:00,3924.1001,3926.0,3924.1001,3926.0,525,312375
EICHERMOT_F2,23-11-2023,10:51:00,3928.75,3931.2,3928.75,3931.2,1225,312375
EICHERMOT_F2,23-11-2023,10:52:00,3931.1499,3933.1001,3931.1499,3933.05,2275,312375
EICHERMOT_F2,23-11-2023,10:53:00,3931.1499,3931.3,3931.1499,3931.3,525,312375
EICHERMOT_F2,23-11-2023,10:54:00,3932.6001,3933.5,3931.7,3931.7,1050,315350
EICHERMOT_F2,23-11-2023,10:55:00,3931.7,3933.95,3931.7,3931.8501,525,315350
EICHERMOT_F2,23-11-2023,10:56:00,3929.75,3929.75,3929.75,3929.75,875,315350
EICHERMOT_F2,23-11-2023,10:57:00,3932.0,3932.0,3931.75,3931.75,49350,316575
EICHERMOT_F2,23-11-2023,10:58:00,3930.75,3931.8,3928.1001,3928.1001,525,316575
EICHERMOT_F2,23-11-2023,10:59:00,3924.8,3929.1499,3924.8,3927.3501,1225,316575
EICHERMOT_F2,23-11-2023,11:00:00,3930.3999,3930.3999,3929.3,3929.3,525,364875
EICHERMOT_F2,23-11-2023,11:01:00,3929.2,3929.2,3929.0,3929.0,700,364875
EICHERMOT_F2,23-11-2023,11:03:00,3928.5,3930.0,3928.5,3930.0,350,365225
EICHERMOT_F2,23-11-2023,11:04:00,3929.95,3929.95,3929.95,3929.95,175,365225
EICHERMOT_F2,23-11-2023,11:05:00,3927.3,3929.1499,3927.3,3928.8999,875,365575
EICHERMOT_F2,23-11-2023,11:06:00,3930.0,3930.0,3930.0,3930.0,525,365575
EICHERMOT_F2,23-11-2023,11:07:00,3927.1001,3929.0,3927.1001,3929.0,525,365575
EICHERMOT_F2,23-11-2023,11:08:00,3929.0,3930.2,3929.0,3930.2,350,365575
EICHERMOT_F2,23-11-2023,11:09:00,3926.8999,3926.8999,3926.8999,3926.8999,175,365575
EICHERMOT_F2,23-11-2023,11:10:00,3926.8999,3926.8999,3925.7,3925.7,1050,366450
EICHERMOT_F2,23-11-2023,11:11:00,3925.0,3925.0,3923.0,3923.0,350,366625
EICHERMOT_F2,23-11-2023,11:12:00,3923.75,3923.75,3923.75,3923.75,175,366625
EICHERMOT_F2,23-11-2023,11:13:00,3923.75,3923.75,3923.75,3923.75,700,366625
EICHERMOT_F2,23-11-2023,11:14:00,3926.95,3929.0,3925.5,3925.6001,875,366625
EICHERMOT_F2,23-11-2023,11:15:00,3925.6001,3927.3,3925.2,3925.2,1050,367675
EICHERMOT_F2,23-11-2023,11:16:00,3926.1001,3926.1001,3926.1001,3926.1001,175,367675
EICHERMOT_F2,23-11-2023,11:17:00,3926.1001,3929.1499,3926.1001,3929.1499,700,367675
EICHERMOT_F2,23-11-2023,11:18:00,3929.7,3931.8,3929.7,3931.8,1050,368200
EICHERMOT_F2,23-11-2023,11:19:00,3931.8,3931.8,3931.0,3931.0,350,368200
EICHERMOT_F2,23-11-2023,11:21:00,3928.6001,3928.6001,3927.5,3927.8999,700,369075
EICHERMOT_F2,23-11-2023,11:22:00,3927.5,3927.5,3922.1499,3922.1499,2275,369075
EICHERMOT_F2,23-11-2023,11:23:00,3922.1499,3922.1499,3922.1499,3922.1499,175,369075
EICHERMOT_F2,23-11-2023,11:24:00,3924.3,3924.3,3924.3,3924.3,350,371000
EICHERMOT_F2,23-11-2023,11:25:00,3924.3,3924.3,3923.6001,3923.6001,525,371000
EICHERMOT_F2,23-11-2023,11:26:00,3923.6001,3923.6001,3923.6001,3923.6001,175,371000
EICHERMOT_F2,23-11-2023,11:27:00,3924.7,3925.3999,3924.7,3925.3999,875,371525
EICHERMOT_F2,23-11-2023,11:28:00,3925.3999,3925.3999,3924.25,3925.0,1400,371525
EICHERMOT_F2,23-11-2023,11:29:00,3925.1499,3925.1499,3925.1499,3925.1499,175,371525
EICHERMOT_F2,23-11-2023,11:30:00,3925.1499,3931.0,3925.1499,3931.0,2625,373100
EICHERMOT_F2,23-11-2023,11:31:00,3931.8501,3933.8501,3931.8501,3933.7,2275,373100
EICHERMOT_F2,23-11-2023,11:32:00,3933.7,3933.7,3932.3501,3932.3501,875,373100
EICHERMOT_F2,23-11-2023,11:33:00,3932.2,3933.95,3932.2,3933.95,875,377125
EICHERMOT_F2,23-11-2023,11:34:00,3932.55,3932.55,3932.55,3932.55,175,377125
EICHERMOT_F2,23-11-2023,11:35:00,3932.55,3932.55,3932.55,3932.55,875,377125
EICHERMOT_F2,23-11-2023,11:36:00,3932.55,3932.55,3932.55,3932.55,175,378875
EICHERMOT_F2,23-11-2023,11:38:00,3929.8501,3929.8501,3929.8501,3929.8501,175,378875
EICHERMOT_F2,23-11-2023,11:39:00,3929.75,3929.75,3929.75,3929.75,175,379050
EICHERMOT_F2,23-11-2023,11:40:00,3929.75,3929.75,3929.75,3929.75,175,379050
EICHERMOT_F2,23-11-2023,11:42:00,3929.1001,3929.1001,3929.1001,3929.1001,175,379400
EICHERMOT_F2,23-11-2023,11:43:00,3929.1001,3929.1001,3927.95,3927.95,350,379400
EICHERMOT_F2,23-11-2023,11:45:00,3931.7,3932.5,3931.7,3932.5,1050,379575
EICHERMOT_F2,23-11-2023,11:46:00,3932.55,3935.1001,3932.55,3933.55,2275,379575
EICHERMOT_F2,23-11-2023,11:47:00,3935.25,3935.8,3934.1499,3935.8,1225,382550
EICHERMOT_F2,23-11-2023,11:48:00,3934.5,3935.45,3931.6001,3932.3501,2100,382550
EICHERMOT_F2,23-11-2023,11:49:00,3930.0,3930.0,3926.6499,3927.0,1400,382550
EICHERMOT_F2,23-11-2023,11:50:00,3927.6001,3927.6001,3927.6001,3927.6001,175,382550
EICHERMOT_F2,23-11-2023,11:51:00,3927.6001,3927.6001,3924.3999,3924.3999,700,385175
EICHERMOT_F2,23-11-2023,11:52:00,3924.1001,3924.1001,3923.3999,3923.3999,1400,385175
EICHERMOT_F2,23-11-2023,11:53:00,3923.3999,3925.8999,3923.3999,3925.8999,350,385175
EICHERMOT_F2,23-11-2023,11:54:00,3924.45,3924.45,3924.45,3924.45,350,385525
EICHERMOT_F2,23-11-2023,11:55:00,3924.45,3924.45,3924.2,3924.2,525,385525
EICHERMOT_F2,23-11-2023,11:56:00,3925.3,3925.3,3925.3,3925.3,350,385525
EICHERMOT_F2,23-11-2023,11:57:00,3928.3,3928.3,3927.6499,3927.6499,525,385875
EICHERMOT_F2,23-11-2023,11:58:00,3927.6499,3929.75,3927.6499,3929.75,875,385875
EICHERMOT_F2,23-11-2023,12:00:00,3930.8999,3930.8999,3927.95,3927.95,525,386225
EICHERMOT_F2,23-11-2023,12:01:00,3927.7,3927.7,3927.7,3927.7,175,386225
EICHERMOT_F2,23-11-2023,12:03:00,3930.2,3930.2,3930.2,3930.2,350,386225
EICHERMOT_F2,23-11-2023,12:04:00,3929.0,3929.0,3929.0,3929.0,1750,386750
EICHERMOT_F2,23-11-2023,12:05:00,3932.0,3936.75,3932.0,3936.75,1400,386750
EICHERMOT_F2,23-11-2023,12:06:00,3938.0,3947.8501,3937.8999,3947.0,10850,388150
EICHERMOT_F2,23-11-2023,12:07:00,3947.0,3948.8,3943.3,3943.3,4900,388150
EICHERMOT_F2,23-11-2023,12:08:00,3947.1499,3948.8,3943.0,3947.3,10150,395325
EICHERMOT_F2,23-11-2023,12:09:00,3946.3,3946.6499,3946.3,3946.6499,875,395325
EICHERMOT_F2,23-11-2023,12:10:00,3946.3,3946.3,3946.05,3946.05,700,395325
EICHERMOT_F2,23-11-2023,12:11:00,3945.0,3946.8999,3944.3,3945.0,1575,395325
EICHERMOT_F2,23-11-2023,12:12:00,3944.2,3944.2,3944.1499,3944.1499,1225,396200
EICHERMOT_F2,23-11-2023,12:13:00,3942.8999,3943.5,3939.8501,3940.6499,3500,396200
EICHERMOT_F2,23-11-2023,12:14:00,3942.55,3942.55,3941.3,3941.3,350,396200
EICHERMOT_F2,23-11-2023,12:15:00,3941.3,3941.3,3939.95,3939.95,700,395500
EICHERMOT_F2,23-11-2023,12:16:00,3939.05,3939.05,3934.2,3934.2,350,395500
EICHERMOT_F2,23-11-2023,12:17:00,3934.2,3934.2,3934.2,3934.2,175,395500
EICHERMOT_F2,23-11-2023,12:18:00,3931.05,3931.05,3928.0,3928.0,700,394800
EICHERMOT_F2,23-11-2023,12:19:00,3929.0,3929.0,3928.8501,3928.8501,350,394800
EICHERMOT_F2,23-11-2023,12:21:00,3928.8501,3930.0,3928.8501,3930.0,525,394800
EICHERMOT_F2,23-11-2023,12:22:00,3932.7,3932.7,3932.7,3932.7,175,394800
EICHERMOT_F2,23-11-2023,12:23:00,3932.7,3932.7,3932.7,3932.7,350,394800
EICHERMOT_F2,23-11-2023,12:26:00,3932.7,3932.7,3932.7,3932.7,700,394975
EICHERMOT_F2,23-11-2023,12:27:00,3938.45,3938.45,3938.45,3938.45,175,395500
EICHERMOT_F2,23-11-2023,12:28:00,3938.45,3938.45,3938.45,3938.45,350,395500
EICHERMOT_F2,23-11-2023,12:29:00,3940.0,3940.0,3940.0,3940.0,350,395500
EICHERMOT_F2,23-11-2023,12:30:00,3942.8501,3944.8,3942.8501,3944.5,525,395850
EICHERMOT_F2,23-11-2023,12:31:00,3942.6499,3943.1001,3941.55,3941.55,875,395850
EICHERMOT_F2,23-11-2023,12:32:00,3942.0,3946.0,3940.55,3942.75,15050,395850
EICHERMOT_F2,23-11-2023,12:33:00,3940.1499,3940.5,3938.0,3938.0,5250,407925
EICHERMOT_F2,23-11-2023,12:34:00,3938.8501,3938.8501,3933.0,3936.1499,3325,407925
EICHERMOT_F2,23-11-2023,12:35:00,3940.0,3940.0,3940.0,3940.0,3675,407925
EICHERMOT_F2,23-11-2023,12:36:00,3940.0,3940.0,3940.0,3940.0,175,418075
EICHERMOT_F2,23-11-2023,12:37:00,3935.3501,3935.8,3934.45,3934.45,875,418075
EICHERMOT_F2,23-11-2023,12:38:00,3935.0,3935.0,3935.0,3935.0,175,418075
EICHERMOT_F2,23-11-2023,12:39:00,3935.0,3939.0,3935.0,3939.0,875,418600
EICHERMOT_F2,23-11-2023,12:40:00,3936.3999,3936.3999,3936.3999,3936.3999,175,418600
EICHERMOT_F2,23-11-2023,12:41:00,3936.5,3937.45,3936.5,3937.45,350,418600
EICHERMOT_F2,23-11-2023,12:42:00,3936.45,3936.45,3936.45,3936.45,175,419300
EICHERMOT_F2,23-11-2023,12:43:00,3935.0,3935.0,3935.0,3935.0,175,419300
EICHERMOT_F2,23-11-2023,12:44:00,3935.0,3935.0,3933.2,3933.2,700,419300
EICHERMOT_F2,23-11-2023,12:45:00,3932.25,3934.2,3932.25,3934.2,350,419825
EICHERMOT_F2,23-11-2023,12:46:00,3932.1001,3932.1001,3923.45,3923.6001,2975,419825
EICHERMOT_F2,23-11-2023,12:47:00,3924.05,3924.05,3900.8999,3900.8999,9275,419825
EICHERMOT_F2,23-11-2023,12:48:00,3900.8999,3905.05,3892.95,3905.05,4900,423500
EICHERMOT_F2,23-11-2023,12:49:00,3904.8999,3912.55,3904.8999,3912.55,1225,423500
EICHERMOT_F2,23-11-2023,12:52:00,3917.6499,3917.6499,3914.8999,3914.8999,525,424550
EICHERMOT_F2,23-11-2023,12:53:00,3915.8999,3920.95,3915.8999,3920.95,1050,424550
EICHERMOT_F2,23-11-2023,12:54:00,3920.0,3920.0,3920.0,3920.0,175,424550
EICHERMOT_F2,23-11-2023,12:56:00,3919.8501,3919.8501,3919.8501,3919.8501,175,423150
EICHERMOT_F2,23-11-2023,12:57:00,3917.5,3918.6001,3917.5,3918.6001,525,423150
EICHERMOT_F2,23-11-2023,12:58:00,3918.25,3918.25,3918.25,3918.25,175,423150
EICHERMOT_F2,23-11-2023,13:00:00,3920.0,3921.55,3919.5,3921.55,1050,422975
EICHERMOT_F2,23-11-2023,13:03:00,3916.75,3916.75,3916.75,3916.75,175,423325
EICHERMOT_F2,23-11-2023,13:04:00,3916.75,3916.75,3916.75,3916.75,875,423325
EICHERMOT_F2,23-11-2023,13:05:00,3916.0,3922.95,3916.0,3922.95,1225,423325
EICHERMOT_F2,23-11-2023,13:06:00,3922.2,3922.2,3922.2,3922.2,175,423325
EICHERMOT_F2,23-11-2023,13:07:00,3924.55,3925.75,3922.1499,3922.1499,875,424900
EICHERMOT_F2,23-11-2023,13:09:00,3922.1499,3922.1499,3922.1499,3922.1499,175,424900
EICHERMOT_F2,23-11-2023,13:13:00,3920.5,3920.5,3919.0,3919.0,350,425250
EICHERMOT_F2,23-11-2023,13:14:00,3917.0,3917.0,3915.0,3915.0,350,425250
EICHERMOT_F2,23-11-2023,13:18:00,3914.75,3919.3,3914.75,3919.3,700,425075
EICHERMOT_F2,23-11-2023,13:19:00,3921.0,3921.0,3920.0,3920.0,525,425075
EICHERMOT_F2,23-11-2023,13:20:00,3918.55,3918.8,3918.55,3918.8,350,425075
EICHERMOT_F2,23-11-2023,13:21:00,3919.2,3919.2,3916.6001,3916.6499,875,426300
EICHERMOT_F2,23-11-2023,13:22:00,3916.3501,3916.3501,3916.3501,3916.3501,175,426300
EICHERMOT_F2,23-11-2023,13:24:00,3916.3501,3918.2,3916.3501,3918.2,1400,426650
EICHERMOT_F2,23-11-2023,13:25:00,3918.2,3918.2,3918.2,3918.2,175,426650
EICHERMOT_F2,23-11-2023,13:26:00,3918.2,3918.2,3918.2,3918.2,175,426650
EICHERMOT_F2,23-11-2023,13:27:00,3916.55,3916.55,3916.55,3916.55,175,426650
EICHERMOT_F2,23-11-2023,13:29:00,3914.05,3914.05,3914.05,3914.05,700,427525
EICHERMOT_F2,23-11-2023,13:30:00,3910.0,3910.0,3910.0,3910.0,525,427700
EICHERMOT_F2,23-11-2023,13:31:00,3905.05,3907.6499,3904.7,3907.6499,700,427700
EICHERMOT_F2,23-11-2023,13:32:00,3908.0,3908.8,3908.0,3908.8,525,427700
EICHERMOT_F2,23-11-2023,13:33:00,3907.6499,3907.6499,3905.0,3906.1001,1400,427700
EICHERMOT_F2,23-11-2023,13:34:00,3908.1499,3909.75,3908.1499,3909.75,525,427700
EICHERMOT_F2,23-11-2023,13:35:00,3908.3999,3909.3999,3907.25,3909.3999,875,427700
EICHERMOT_F2,23-11-2023,13:36:00,3906.25,3906.25,3906.25,3906.25,175,428400
EICHERMOT_F2,23-11-2023,13:37:00,3905.45,3905.45,3905.45,3905.45,175,428400
EICHERMOT_F2,23-11-2023,13:38:00,3908.8501,3908.8501,3908.8501,3908.8501,175,428400
EICHERMOT_F2,23-11-2023,13:41:00,3910.0,3910.0,3910.0,3910.0,175,428400
EICHERMOT_F2,23-11-2023,13:42:00,3912.1001,3912.1001,3912.1001,3912.1001,2100,429275
EICHERMOT_F2,23-11-2023,13:43:00,3913.5,3913.5,3912.55,3913.3999,875,429275
EICHERMOT_F2,23-11-2023,13:44:00,3913.3,3913.3,3913.3,3913.3,175,429275
EICHERMOT_F2,23-11-2023,13:45:00,3913.3,3914.8501,3913.3,3914.8501,350,430850
EICHERMOT_F2,23-11-2023,13:47:00,3911.55,3911.55,3909.3,3909.3,350,430850
EICHERMOT_F2,23-11-2023,13:48:00,3912.0,3912.0,3912.0,3912.0,175,431200
EICHERMOT_F2,23-11-2023,13:51:00,3912.0,3912.0,3912.0,3912.0,175,431375
EICHERMOT_F2,23-11-2023,13:54:00,3912.0,3912.0,3912.0,3912.0,175,431550
EICHERMOT_F2,23-11-2023,13:55:00,3914.6001,3914.6001,3912.1001,3912.1001,525,431550
EICHERMOT_F2,23-11-2023,13:56:00,3911.8999,3911.8999,3911.8999,3911.8999,175,431550
EICHERMOT_F2,23-11-2023,13:58:00,3912.0,3912.0,3912.0,3912.0,175,431900
EICHERMOT_F2,23-11-2023,13:59:00,3914.1001,3914.1001,3914.1001,3914.1001,175,431900
EICHERMOT_F2,23-11-2023,14:00:00,3914.1001,3914.1001,3914.1001,3914.1001,350,432250
EICHERMOT_F2,23-11-2023,14:01:00,3909.25,3910.7,3909.0,3910.7,875,432250
EICHERMOT_F2,23-11-2023,14:02:00,3913.7,3913.7,3913.7,3913.7,350,432250
EICHERMOT_F2,23-11-2023,14:03:00,3913.05,3913.05,3913.05,3913.05,175,433125
EICHERMOT_F2,23-11-2023,14:04:00,3912.1001,3912.1001,3912.1001,3912.1001,175,433125
EICHERMOT_F2,23-11-2023,14:05:00,3912.0,3913.95,3912.0,3912.25,525,433125
EICHERMOT_F2,23-11-2023,14:06:00,3910.0,3910.6001,3910.0,3910.3999,700,433650
EICHERMOT_F2,23-11-2023,14:10:00,3908.8999,3910.5,3908.8999,3910.5,875,434000
EICHERMOT_F2,23-11-2023,14:11:00,3910.7,3911.3501,3910.7,3911.3501,350,434000
EICHERMOT_F2,23-11-2023,14:14:00,3909.95,3909.95,3909.95,3909.95,175,434875
EICHERMOT_F2,23-11-2023,14:15:00,3909.3501,3910.55,3909.3501,3910.55,350,435225
EICHERMOT_F2,23-11-2023,14:16:00,3910.8999,3911.55,3910.8999,3911.55,875,435225
EICHERMOT_F2,23-11-2023,14:17:00,3911.3501,3912.2,3911.3501,3912.2,350,435225
EICHERMOT_F2,23-11-2023,14:18:00,3915.3999,3915.55,3915.0,3915.0,525,436100
EICHERMOT_F2,23-11-2023,14:19:00,3915.0,3915.0,3913.3501,3913.3501,350,436100
EICHERMOT_F2,23-11-2023,14:20:00,3910.0,3910.0,3907.25,3909.6001,875,436100
EICHERMOT_F2,23-11-2023,14:22:00,3909.8,3913.05,3909.8,3913.05,525,436975
EICHERMOT_F2,23-11-2023,14:23:00,3912.45,3914.3501,3912.45,3914.3501,525,436975
EICHERMOT_F2,23-11-2023,14:24:00,3915.0,3915.45,3915.0,3915.45,525,437675
EICHERMOT_F2,23-11-2023,14:25:00,3911.8999,3911.8999,3911.8999,3911.8999,175,437675
EICHERMOT_F2,23-11-2023,14:26:00,3911.05,3914.25,3911.05,3914.25,350,437675
EICHERMOT_F2,23-11-2023,14:27:00,3912.8501,3912.8501,3912.8501,3912.8501,175,438375
EICHERMOT_F2,23-11-2023,14:28:00,3910.0,3910.0,3910.0,3910.0,175,438375
EICHERMOT_F2,23-11-2023,14:29:00,3911.0,3911.0,3911.0,3911.0,175,438375
EICHERMOT_F2,23-11-2023,14:30:00,3911.0,3911.0,3911.0,3911.0,175,438725
EICHERMOT_F2,23-11-2023,14:31:00,3912.45,3912.45,3912.45,3912.45,175,438725
EICHERMOT_F2,23-11-2023,14:32:00,3910.95,3910.95,3910.8999,3910.8999,350,438725
EICHERMOT_F2,23-11-2023,14:33:00,3908.5,3908.5,3908.5,3908.5,525,439425
EICHERMOT_F2,23-11-2023,14:34:00,3912.55,3912.55,3912.55,3912.55,175,439425
EICHERMOT_F2,23-11-2023,14:36:00,3912.6001,3912.6001,3912.55,3912.55,350,439950
EICHERMOT_F2,23-11-2023,14:37:00,3912.45,3912.45,3912.45,3912.45,175,439950
EICHERMOT_F2,23-11-2023,14:38:00,3913.95,3914.1499,3913.95,3913.95,525,439950
EICHERMOT_F2,23-11-2023,14:39:00,3914.1499,3914.1499,3913.25,3913.25,350,440825
EICHERMOT_F2,23-11-2023,14:40:00,3913.25,3913.25,3913.25,3913.25,525,440825
EICHERMOT_F2,23-11-2023,14:41:00,3913.0,3914.0,3913.0,3914.0,525,440825
EICHERMOT_F2,23-11-2023,14:42:00,3914.0,3914.25,3911.8,3912.95,1575,440650
EICHERMOT_F2,23-11-2023,14:43:00,3915.0,3915.5,3915.0,3915.5,350,440650
EICHERMOT_F2,23-11-2023,14:44:00,3917.8,3917.8,3913.3501,3915.95,700,440650
EICHERMOT_F2,23-11-2023,14:45:00,3915.0,3915.0,3913.3,3913.3,350,440650
EICHERMOT_F2,23-11-2023,14:46:00,3911.55,3911.55,3911.55,3911.55,175,440650
EICHERMOT_F2,23-11-2023,14:47:00,3909.05,3909.05,3908.1001,3908.1001,350,440650
EICHERMOT_F2,23-11-2023,14:48:00,3908.1001,3908.75,3908.0,3908.0,700,440650
EICHERMOT_F2,23-11-2023,14:49:00,3910.0,3910.0,3910.0,3910.0,350,440650
EICHERMOT_F2,23-11-2023,14:50:00,3908.8,3910.3,3908.6001,3910.3,1575,440650
EICHERMOT_F2,23-11-2023,14:51:00,3912.0,3912.0,3912.0,3912.0,175,440650
EICHERMOT_F2,23-11-2023,14:52:00,3909.3501,3911.5,3909.3501,3911.5,1225,441175
EICHERMOT_F2,23-11-2023,14:54:00,3910.95,3911.6499,3910.95,3911.6499,350,441875
EICHERMOT_F2,23-11-2023,14:55:00,3912.55,3912.55,3912.3501,3912.3501,350,441875
EICHERMOT_F2,23-11-2023,14:56:00,3912.2,3915.8,3912.2,3914.3,2800,441875
EICHERMOT_F2,23-11-2023,14:57:00,3916.3,3916.3,3916.3,3916.3,175,441875
EICHERMOT_F2,23-11-2023,14:58:00,3910.5,3911.6499,3908.0,3911.6499,1050,445200
EICHERMOT_F2,23-11-2023,14:59:00,3912.45,3912.45,3911.6001,3911.6001,1050,445200
EICHERMOT_F2,23-11-2023,15:00:00,3913.0,3914.3,3913.0,3914.3,525,445200
EICHERMOT_F2,23-11-2023,15:01:00,3914.05,3915.25,3912.0,3912.0,1575,446075
EICHERMOT_F2,23-11-2023,15:02:00,3913.8501,3913.8501,3913.8501,3913.8501,350,446075
EICHERMOT_F2,23-11-2023,15:03:00,3914.75,3915.0,3914.75,3915.0,350,446950
EICHERMOT_F2,23-11-2023,15:04:00,3915.6499,3920.0,3915.6499,3919.75,875,446950
EICHERMOT_F2,23-11-2023,15:05:00,3920.3501,3920.3501,3920.0,3920.0,525,446950
EICHERMOT_F2,23-11-2023,15:06:00,3918.7,3922.3,3918.7,3920.3,1050,447475
EICHERMOT_F2,23-11-2023,15:08:00,3920.3,3921.6001,3920.3,3921.6001,350,447475
EICHERMOT_F2,23-11-2023,15:09:00,3918.6499,3918.6499,3918.6499,3918.6499,525,447475
EICHERMOT_F2,23-11-2023,15:10:00,3920.0,3920.75,3918.8,3920.75,1050,448175
EICHERMOT_F2,23-11-2023,15:11:00,3918.05,3919.3501,3918.05,3919.3501,700,448175
EICHERMOT_F2,23-11-2023,15:12:00,3919.0,3919.0,3919.0,3919.0,175,448175
EICHERMOT_F2,23-11-2023,15:13:00,3918.3501,3920.6499,3918.3501,3920.6499,1575,448525
EICHERMOT_F2,23-11-2023,15:14:00,3921.05,3921.05,3920.6499,3920.6499,350,448525
EICHERMOT_F2,23-11-2023,15:16:00,3918.8999,3918.8999,3918.75,3918.75,525,449225
EICHERMOT_F2,23-11-2023,15:18:00,3917.0,3918.75,3917.0,3918.75,350,449750
EICHERMOT_F2,23-11-2023,15:19:00,3917.2,3919.1001,3917.0,3919.1001,700,449750
EICHERMOT_F2,23-11-2023,15:20:00,3918.5,3918.5,3918.5,3918.5,175,449750
EICHERMOT_F2,23-11-2023,15:21:00,3916.55,3916.55,3916.55,3916.55,175,450100
EICHERMOT_F2,23-11-2023,15:22:00,3917.3,3919.1499,3917.3,3917.3999,1750,450100
EICHERMOT_F2,23-11-2023,15:23:00,3917.3501,3917.3501,3917.0,3917.0,700,450100
EICHERMOT_F2,23-11-2023,15:24:00,3917.0,3917.0,3917.0,3917.0,1400,449400
EICHERMOT_F2,23-11-2023,15:25:00,3917.0,3917.0,3916.5,3916.7,1750,449400
EICHERMOT_F2,23-11-2023,15:26:00,3916.75,3918.25,3916.55,3916.75,2100,449400
EICHERMOT_F2,23-11-2023,15:27:00,3918.2,3918.2,3917.8501,3917.8501,700,449400
EICHERMOT_F2,23-11-2023,15:28:00,3917.8,3917.8501,3916.5,3916.75,1400,450625
EICHERMOT_F2,23-11-2023,15:29:00,3913.8999,3916.0,3913.2,3913.7,1575,450625
EICHERMOT_F2,24-11-2023,09:15:00,3913.7,3931.7,3913.7,3922.1499,1925,448350
EICHERMOT_F2,24-11-2023,09:16:00,3923.7,3929.25,3919.3,3919.3,4200,448350
EICHERMOT_F2,24-11-2023,09:17:00,3916.55,3918.8,3914.55,3914.55,2450,452725
EICHERMOT_F2,24-11-2023,09:18:00,3914.5,3922.6499,3914.5,3922.6499,700,452725
EICHERMOT_F2,24-11-2023,09:19:00,3918.0,3918.0,3911.3999,3913.0,2100,452725
EICHERMOT_F2,24-11-2023,09:20:00,3915.8999,3919.75,3914.3999,3915.6001,1575,453075
EICHERMOT_F2,24-11-2023,09:21:00,3913.0,3914.0,3911.0,3911.0,2800,453075
EICHERMOT_F2,24-11-2023,09:22:00,3911.55,3914.55,3911.3999,3914.3501,2450,453075
EICHERMOT_F2,24-11-2023,09:23:00,3913.5,3917.8999,3913.5,3917.8999,3850,455350
EICHERMOT_F2,24-11-2023,09:24:00,3917.8999,3920.0,3917.8999,3920.0,2800,455350
EICHERMOT_F2,24-11-2023,09:25:00,3920.0,3922.55,3919.3501,3920.95,1925,455350
EICHERMOT_F2,24-11-2023,09:26:00,3919.3501,3919.3501,3916.5,3917.1001,2625,460075
EICHERMOT_F2,24-11-2023,09:27:00,3917.1001,3921.3501,3917.1001,3921.3501,2275,460075
EICHERMOT_F2,24-11-2023,09:28:00,3921.3501,3922.6499,3920.0,3920.0,1225,460075
EICHERMOT_F2,24-11-2023,09:29:00,3920.0,3923.0,3920.0,3922.75,1925,463400
EICHERMOT_F2,24-11-2023,09:30:00,3922.75,3924.0,3921.6499,3921.6499,1925,463400
EICHERMOT_F2,24-11-2023,09:31:00,3921.6499,3921.6499,3921.6499,3921.6499,875,463400
EICHERMOT_F2,24-11-2023,09:32:00,3923.95,3923.95,3921.6499,3921.6499,1400,465500
EICHERMOT_F2,24-11-2023,09:33:00,3923.0,3923.0,3923.0,3923.0,1925,465500
EICHERMOT_F2,24-11-2023,09:34:00,3923.0,3923.0,3915.0,3915.0,2275,465500
EICHERMOT_F2,24-11-2023,09:35:00,3915.0,3916.25,3915.0,3915.95,2275,469875
EICHERMOT_F2,24-11-2023,09:36:00,3918.6499,3918.6499,3916.8501,3918.3501,1925,469875
EICHERMOT_F2,24-11-2023,09:37:00,3918.3501,3920.05,3918.3501,3918.3501,3150,469875
EICHERMOT_F2,24-11-2023,09:38:00,3916.3501,3916.3501,3915.8999,3915.8999,1750,474950
EICHERMOT_F2,24-11-2023,09:39:00,3918.05,3918.95,3918.05,3918.95,2625,474950
EICHERMOT_F2,24-11-2023,09:40:00,3922.8999,3923.0,3922.8999,3923.0,1750,474950
EICHERMOT_F2,24-11-2023,09:41:00,3923.0,3923.1001,3921.3,3922.3,1750,478100
EICHERMOT_F2,24-11-2023,09:42:00,3921.8999,3921.8999,3920.0,3920.75,1925,478100
EICHERMOT_F2,24-11-2023,09:43:00,3920.75,3920.75,3915.6001,3915.6001,2975,478100
EICHERMOT_F2,24-11-2023,09:44:00,3915.0,3915.8,3914.1499,3914.3501,3325,483000
EICHERMOT_F2,24-11-2023,09:45:00,3913.8999,3913.8999,3905.5,3907.75,4025,483000
EICHERMOT_F2,24-11-2023,09:46:00,3909.6001,3909.6001,3909.6001,3909.6001,1750,483000
EICHERMOT_F2,24-11-2023,09:47:00,3909.3501,3913.3501,3906.55,3913.3501,2975,487725
EICHERMOT_F2,24-11-2023,09:48:00,3913.3501,3913.3501,3913.3501,3913.3501,525,487725
EICHERMOT_F2,24-11-2023,09:49:00,3913.7,3913.7,3909.5,3909.5,2100,487725
EICHERMOT_F2,24-11-2023,09:50:00,3909.5,3909.5,3906.1499,3906.1499,1925,491400
EICHERMOT_F2,24-11-2023,09:51:00,3906.1499,3909.5,3906.1499,3909.5,2450,491400
EICHERMOT_F2,24-11-2023,09:52:00,3906.6001,3906.6001,3906.6001,3906.6001,700,491400
EICHERMOT_F2,24-11-2023,09:53:00,3906.6001,3913.0,3906.6001,3911.3999,2275,494375
EICHERMOT_F2,24-11-2023,09:54:00,3911.3999,3911.3999,3911.3999,3911.3999,1400,494375
EICHERMOT_F2,24-11-2023,09:55:00,3911.3999,3911.3999,3911.3999,3911.3999,1400,494375
EICHERMOT_F2,24-11-2023,09:56:00,3911.3999,3911.3999,3911.2,3911.2,1750,499450
EICHERMOT_F2,24-11-2023,09:57:00,3911.2,3911.2,3911.2,3911.2,1575,499450
EICHERMOT_F2,24-11-2023,09:58:00,3911.2,3911.2,3907.0,3907.0,700,499450
EICHERMOT_F2,24-11-2023,09:59:00,3907.0,3907.0,3907.0,3907.0,1050,501550
EICHERMOT_F2,24-11-2023,10:00:00,3907.0,3907.0,3902.8501,3904.95,1750,501550
EICHERMOT_F2,24-11-2023,10:01:00,3904.95,3904.95,3895.05,3895.05,2800,501550
EICHERMOT_F2,24-11-2023,10:02:00,3896.0,3897.6499,3893.1499,3897.6499,2800,504175
EICHERMOT_F2,24-11-2023,10:03:00,3897.8,3900.45,3897.8,3900.45,1750,504175
EICHERMOT_F2,24-11-2023,10:04:00,3900.45,3900.45,3897.6499,3897.95,2275,504175
EICHERMOT_F2,24-11-2023,10:05:00,3897.95,3899.6499,3897.95,3899.6499,1925,507500
EICHERMOT_F2,24-11-2023,10:06:00,3899.6499,3899.6499,3899.6499,3899.6499,350,507500
EICHERMOT_F2,24-11-2023,10:07:00,3899.5,3899.6499,3899.5,3899.6499,2450,507500
EICHERMOT_F2,24-11-2023,10:08:00,3899.6499,3902.0,3899.6499,3902.0,5950,511000
EICHERMOT_F2,24-11-2023,10:09:00,3902.0,3902.0,3902.0,3902.0,9800,511000
EICHERMOT_F2,24-11-2023,10:10:00,3904.0,3904.8501,3904.0,3904.8501,2450,511000
EICHERMOT_F2,24-11-2023,10:11:00,3904.8501,3904.8501,3904.8501,3904.8501,3675,527800
EICHERMOT_F2,24-11-2023,10:12:00,3904.8501,3904.8501,3903.0,3904.25,9275,527800
EICHERMOT_F2,24-11-2023,10:13:00,3904.25,3904.25,3900.0,3900.0,875,527800
EICHERMOT_F2,24-11-2023,10:14:00,3900.0,3900.0,3900.0,3900.0,875,539000
EICHERMOT_F2,24-11-2023,10:15:00,3900.0,3900.0,3900.0,3900.0,1050,539000
EICHERMOT_F2,24-11-2023,10:16:00,3900.0,3900.0,3898.1001,3898.1001,875,539000
EICHERMOT_F2,24-11-2023,10:17:00,3898.1001,3898.1001,3898.1001,3898.1001,525,540925
EICHERMOT_F2,24-11-2023,10:18:00,3898.1001,3898.1001,3898.1001,3898.1001,1225,540925
EICHERMOT_F2,24-11-2023,10:19:00,3898.1001,3899.0,3898.1001,3899.0,1225,540925
EICHERMOT_F2,24-11-2023,10:20:00,3899.0,3899.0,3899.0,3899.0,175,540925
EICHERMOT_F2,24-11-2023,10:21:00,3899.0,3899.0,3899.0,3899.0,1400,541800
EICHERMOT_F2,24-11-2023,10:22:00,3899.0,3899.0,3898.8999,3898.8999,350,541800
EICHERMOT_F2,24-11-2023,10:23:00,3898.8999,3898.8999,3898.8999,3898.8999,875,543375
EICHERMOT_F2,24-11-2023,10:24:00,3898.8999,3898.8999,3898.8999,3898.8999,1225,543375
EICHERMOT_F2,24-11-2023,10:25:00,3898.8999,3898.8999,3897.3999,3897.3999,1050,543375
EICHERMOT_F2,24-11-2023,10:26:00,3897.3999,3897.3999,3897.3999,3897.3999,175,543375
EICHERMOT_F2,24-11-2023,10:27:00,3897.3999,3897.3999,3897.3999,3897.3999,1400,545300
EICHERMOT_F2,24-11-2023,10:28:00,3897.3999,3897.3999,3897.3999,3897.3999,350,545300
EICHERMOT_F2,24-11-2023,10:29:00,3897.95,3897.95,3897.8999,3897.8999,1575,547750
EICHERMOT_F2,24-11-2023,10:30:00,3897.8999,3897.8999,3897.8999,3897.8999,1400,547750
EICHERMOT_F2,24-11-2023,10:31:00,3897.8999,3897.8999,3897.8999,3897.8999,175,547750
EICHERMOT_F2,24-11-2023,10:32:00,3897.8999,3897.8999,3897.8999,3897.8999,1050,547750
EICHERMOT_F2,24-11-2023,10:33:00,3897.8999,3897.8999,3897.8999,3897.8999,875,550200
EICHERMOT_F2,24-11-2023,10:34:00,3897.8999,3897.8999,3897.8999,3897.8999,1225,550200
EICHERMOT_F2,24-11-2023,10:35:00,3897.8999,3897.8999,3897.8999,3897.8999,525,552300
EICHERMOT_F2,24-11-2023,10:36:00,3899.25,3901.1499,3899.25,3901.1499,700,552300
EICHERMOT_F2,24-11-2023,10:37:00,3901.1499,3902.8501,3901.1499,3902.8501,1225,552300
EICHERMOT_F2,24-11-2023,10:38:00,3902.8501,3902.8501,3902.8501,3902.8501,875,554225
EICHERMOT_F2,24-11-2023,10:39:00,3902.75,3905.95,3902.75,3905.95,1750,554225
EICHERMOT_F2,24-11-2023,10:40:00,3905.95,3907.1499,3905.95,3907.1499,1225,554225
EICHERMOT_F2,24-11-2023,10:41:00,3907.1499,3907.1499,3907.1499,3907.1499,1050,557025
EICHERMOT_F2,24-11-2023,10:42:00,3907.1499,3907.1499,3905.0,3905.0,1050,557025
EICHERMOT_F2,24-11-2023,10:43:00,3905.0,3905.0,3902.5,3902.5,1050,557025
EICHERMOT_F2,24-11-2023,10:44:00,3902.5,3902.5,3902.5,3902.5,1050,559125
EICHERMOT_F2,24-11-2023,10:45:00,3902.5,3902.5,3900.95,3900.95,875,559125
EICHERMOT_F2,24-11-2023,10:46:00,3900.95,3901.8999,3900.95,3901.8999,1225,559125
EICHERMOT_F2,24-11-2023,10:47:00,3901.8999,3901.8999,3901.8999,3901.8999,875,559125
EICHERMOT_F2,24-11-2023,10:48:00,3901.8999,3901.8999,3901.0,3901.0,1575,561575
EICHERMOT_F2,24-11-2023,10:49:00,3901.0,3901.0,3901.0,3901.0,700,561575
EICHERMOT_F2,24-11-2023,10:50:00,3901.0,3901.0,3901.0,3901.0,1400,563500
EICHERMOT_F2,24-11-2023,10:51:00,3901.0,3901.0,3896.3,3896.3,875,563500
EICHERMOT_F2,24-11-2023,10:52:00,3896.3,3897.3,3895.0,3895.0,2100,563500
EICHERMOT_F2,24-11-2023,10:53:00,3896.8,3896.8,3896.8,3896.8,700,566125
EICHERMOT_F2,24-11-2023,10:54:00,3896.8,3896.8,3896.8,3896.8,875,566125
EICHERMOT_F2,24-11-2023,10:55:00,3896.8,3896.8,3896.8,3896.8,1050,566125
EICHERMOT_F2,24-11-2023,10:56:00,3896.0,3896.0,3896.0,3896.0,875,567700
EICHERMOT_F2,24-11-2023,10:57:00,3896.0,3896.0,3896.0,3896.0,700,567700
EICHERMOT_F2,24-11-2023,10:58:00,3896.0,3896.0,3896.0,3896.0,875,567700
EICHERMOT_F2,24-11-2023,10:59:00,3896.0,3896.0,3895.1499,3895.1499,1400,570150
EICHERMOT_F2,24-11-2023,11:00:00,3897.0,3897.05,3897.0,3897.05,875,570150
EICHERMOT_F2,24-11-2023,11:01:00,3897.05,3897.05,3896.45,3896.45,700,570150
EICHERMOT_F2,24-11-2023,11:02:00,3896.45,3896.45,3896.45,3896.45,1050,571550
EICHERMOT_F2,24-11-2023,11:03:00,3896.45,3896.45,3896.45,3896.45,525,571550
EICHERMOT_F2,24-11-2023,11:04:00,3896.45,3896.45,3896.45,3896.45,875,571550
EICHERMOT_F2,24-11-2023,11:05:00,3896.45,3896.45,3896.0,3896.0,525,573300
EICHERMOT_F2,24-11-2023,11:06:00,3896.0,3896.0,3896.0,3896.0,1050,573300
EICHERMOT_F2,24-11-2023,11:07:00,3895.1499,3895.5,3895.0,3895.5,1575,573300
EICHERMOT_F2,24-11-2023,11:08:00,3895.5,3895.5,3895.5,3895.5,175,573300
EICHERMOT_F2,24-11-2023,11:09:00,3896.0,3896.0,3896.0,3896.0,1225,574700
EICHERMOT_F2,24-11-2023,11:10:00,3896.0,3896.0,3892.8999,3892.8999,3675,574700
EICHERMOT_F2,24-11-2023,11:11:00,3892.8999,3892.8999,3890.25,3890.25,1750,574700
EICHERMOT_F2,24-11-2023,11:12:00,3890.25,3894.2,3890.25,3893.75,2625,576625
EICHERMOT_F2,24-11-2023,11:13:00,3893.75,3896.8,3893.75,3896.8,1225,576625
EICHERMOT_F2,24-11-2023,11:14:00,3892.5,3892.5,3887.0,3887.0,4375,579600
EICHERMOT_F2,24-11-2023,11:15:00,3886.95,3886.95,3886.75,3886.75,1750,579600
EICHERMOT_F2,24-11-2023,11:16:00,3886.75,3890.05,3886.75,3888.1001,1050,579600
EICHERMOT_F2,24-11-2023,11:17:00,3888.1001,3888.8501,3888.1001,3888.8501,4375,582925
EICHERMOT_F2,24-11-2023,11:18:00,3888.8501,3888.8501,3888.8501,3888.8501,700,582925
EICHERMOT_F2,24-11-2023,11:19:00,3888.8501,3890.8999,3888.8501,3890.8999,30100,582925
EICHERMOT_F2,24-11-2023,11:20:00,3889.1499,3890.95,3889.1499,3890.95,1225,582925
EICHERMOT_F2,24-11-2023,11:21:00,3890.95,3890.95,3890.95,3890.95,23975,615475
EICHERMOT_F2,24-11-2023,11:22:00,3890.95,3893.0,3890.95,3893.0,1225,615475
EICHERMOT_F2,24-11-2023,11:23:00,3893.0,3894.2,3893.0,3894.2,1225,638925
EICHERMOT_F2,24-11-2023,11:24:00,3894.2,3894.2,3893.7,3893.7,875,638925
EICHERMOT_F2,24-11-2023,11:25:00,3894.55,3894.55,3894.55,3894.55,700,638925
EICHERMOT_F2,24-11-2023,11:27:00,3894.55,3895.0,3894.55,3895.0,1750,640150
EICHERMOT_F2,24-11-2023,11:28:00,3895.0,3895.55,3895.0,3895.55,3675,640150
EICHERMOT_F2,24-11-2023,11:29:00,3895.55,3895.55,3895.55,3895.55,700,645400
EICHERMOT_F2,24-11-2023,11:30:00,3895.55,3895.55,3895.55,3895.55,875,645400
EICHERMOT_F2,24-11-2023,11:31:00,3895.55,3895.55,3895.55,3895.55,350,645400
EICHERMOT_F2,24-11-2023,11:32:00,3895.55,3895.55,3895.55,3895.55,1050,645400
EICHERMOT_F2,24-11-2023,11:33:00,3890.0,3890.0,3890.0,3890.0,875,647850
EICHERMOT_F2,24-11-2023,11:34:00,3890.0,3890.0,3890.0,3890.0,875,647850
EICHERMOT_F2,24-11-2023,11:35:00,3891.5,3891.5,3891.5,3891.5,1050,649250
EICHERMOT_F2,24-11-2023,11:36:00,3891.5,3891.5,3891.5,3891.5,525,649250
EICHERMOT_F2,24-11-2023,11:37:00,3891.5,3892.1001,3891.3501,3891.3501,875,649250
EICHERMOT_F2,24-11-2023,11:38:00,3890.5,3892.3999,3889.75,3889.75,1575,650300
EICHERMOT_F2,24-11-2023,11:39:00,3889.0,3890.3501,3889.0,3890.3501,1225,650300
EICHERMOT_F2,24-11-2023,11:40:00,3890.3501,3890.3501,3890.3501,3890.3501,1050,650300
EICHERMOT_F2,24-11-2023,11:41:00,3890.3501,3891.1499,3890.3501,3891.0,700,652925
EICHERMOT_F2,24-11-2023,11:42:00,3890.95,3890.95,3890.95,3890.95,1400,652925
EICHERMOT_F2,24-11-2023,11:43:00,3890.95,3890.95,3890.95,3890.95,875,652925
EICHERMOT_F2,24-11-2023,11:44:00,3890.95,3890.95,3890.95,3890.95,1225,656075
EICHERMOT_F2,24-11-2023,11:45:00,3890.95,3890.95,3890.0,3890.0,525,656075
EICHERMOT_F2,24-11-2023,11:46:00,3890.0,3892.05,3890.0,3892.05,2275,656075
EICHERMOT_F2,24-11-2023,11:47:00,3892.05,3892.05,3892.05,3892.05,525,656075
EICHERMOT_F2,24-11-2023,11:48:00,3892.05,3892.05,3892.05,3892.05,525,658700
EICHERMOT_F2,24-11-2023,11:49:00,3892.05,3892.05,3892.05,3892.05,700,658700
EICHERMOT_F2,24-11-2023,11:50:00,3892.05,3892.3999,3892.05,3892.3999,700,660275
EICHERMOT_F2,24-11-2023,11:51:00,3892.3999,3892.3999,3892.0,3892.0,875,660275
EICHERMOT_F2,24-11-2023,11:52:00,3892.0,3892.0,3892.0,3892.0,1225,660275
EICHERMOT_F2,24-11-2023,11:53:00,3886.45,3886.8501,3885.05,3886.8501,1925,660275
EICHERMOT_F2,24-11-2023,11:54:00,3885.0,3885.0,3885.0,3885.0,875,662550
EICHERMOT_F2,24-11-2023,11:55:00,3885.3999,3885.3999,3884.3,3884.3,1400,662550
EICHERMOT_F2,24-11-2023,11:56:00,3884.3,3884.3,3884.3,3884.3,175,662550
EICHERMOT_F2,24-11-2023,11:57:00,3884.3,3885.05,3884.3,3885.05,1575,663950
EICHERMOT_F2,24-11-2023,11:58:00,3885.05,3885.05,3885.0,3885.0,1225,663950
EICHERMOT_F2,24-11-2023,11:59:00,3885.0,3885.0,3885.0,3885.0,525,663950
EICHERMOT_F2,24-11-2023,12:00:00,3885.0,3887.1001,3885.0,3887.1001,1400,666750
EICHERMOT_F2,24-11-2023,12:01:00,3887.1001,3887.1001,3887.1001,3887.1001,875,666750
EICHERMOT_F2,24-11-2023,12:02:00,3887.1001,3887.1001,3887.1001,3887.1001,875,666750
EICHERMOT_F2,24-11-2023,12:03:00,3887.1001,3887.1001,3887.1001,3887.1001,1050,669375
EICHERMOT_F2,24-11-2023,12:04:00,3887.1001,3887.1001,3887.1001,3887.1001,350,669375
EICHERMOT_F2,24-11-2023,12:05:00,3887.1001,3887.1001,3887.1001,3887.1001,700,669375
EICHERMOT_F2,24-11-2023,12:06:00,3887.1001,3887.1001,3887.1001,3887.1001,1050,671475
EICHERMOT_F2,24-11-2023,12:07:00,3887.1001,3887.1001,3887.1001,3887.1001,525,671475
EICHERMOT_F2,24-11-2023,12:08:00,3887.1001,3887.1001,3885.05,3886.45,1575,673400
EICHERMOT_F2,24-11-2023,12:09:00,3886.45,3886.45,3886.45,3886.45,700,673400
EICHERMOT_F2,24-11-2023,12:10:00,3886.45,3886.45,3886.45,3886.45,1225,673400
EICHERMOT_F2,24-11-2023,12:11:00,3886.45,3886.45,3886.45,3886.45,525,673400
EICHERMOT_F2,24-11-2023,12:12:00,3887.1001,3887.7,3887.1001,3887.7,1750,676375
EICHERMOT_F2,24-11-2023,12:13:00,3887.7,3887.7,3887.7,3887.7,525,676375
EICHERMOT_F2,24-11-2023,12:14:00,3887.7,3892.1499,3887.7,3892.1499,875,678125
EICHERMOT_F2,24-11-2023,12:15:00,3892.1499,3892.1499,3892.1499,3892.1499,700,678125
EICHERMOT_F2,24-11-2023,12:16:00,3892.1499,3892.1499,3892.1499,3892.1499,350,678125
EICHERMOT_F2,24-11-2023,12:17:00,3892.1499,3892.1499,3890.45,3890.45,1050,678125
EICHERMOT_F2,24-11-2023,12:18:00,3888.0,3888.0,3887.95,3887.95,1925,680050
EICHERMOT_F2,24-11-2023,12:19:00,3887.95,3888.95,3887.95,3888.95,1400,680050
EICHERMOT_F2,24-11-2023,12:20:00,3888.95,3888.95,3888.95,3888.95,525,682850
EICHERMOT_F2,24-11-2023,12:21:00,3886.6001,3886.6001,3886.6001,3886.6001,350,682850
EICHERMOT_F2,24-11-2023,12:22:00,3886.6001,3886.6001,3886.6001,3886.6001,1225,682850
EICHERMOT_F2,24-11-2023,12:23:00,3886.6001,3886.6001,3886.6001,3886.6001,875,684600
EICHERMOT_F2,24-11-2023,12:24:00,3886.6001,3886.6001,3886.6001,3886.6001,1225,684600
EICHERMOT_F2,24-11-2023,12:25:00,3886.6001,3886.6001,3886.6001,3886.6001,350,684600
EICHERMOT_F2,24-11-2023,12:26:00,3886.6001,3886.7,3886.6001,3886.7,1225,684600
EICHERMOT_F2,24-11-2023,12:27:00,3886.7,3889.6001,3886.7,3889.6001,525,686350
EICHERMOT_F2,24-11-2023,12:28:00,3889.6001,3889.6001,3889.6001,3889.6001,175,686350
EICHERMOT_F2,24-11-2023,12:29:00,3889.6001,3889.6001,3889.6001,3889.6001,1225,686350
EICHERMOT_F2,24-11-2023,12:30:00,3889.6001,3889.6001,3889.6001,3889.6001,350,687925
EICHERMOT_F2,24-11-2023,12:31:00,3889.6001,3889.6001,3889.6001,3889.6001,525,687925
EICHERMOT_F2,24-11-2023,12:32:00,3889.6001,3889.6001,3889.6001,3889.6001,875,687925
EICHERMOT_F2,24-11-2023,12:33:00,3889.6001,3889.6001,3889.6001,3889.6001,175,689675
EICHERMOT_F2,24-11-2023,12:34:00,3889.6001,3889.6001,3889.6001,3889.6001,700,689675
EICHERMOT_F2,24-11-2023,12:35:00,3889.6001,3889.6001,3888.1499,3888.3999,875,689675
EICHERMOT_F2,24-11-2023,12:36:00,3888.3999,3889.3999,3888.3999,3889.3999,1225,691250
EICHERMOT_F2,24-11-2023,12:37:00,3889.3999,3889.3999,3889.3999,3889.3999,525,691250
EICHERMOT_F2,24-11-2023,12:38:00,3889.3999,3889.3999,3889.3999,3889.3999,700,691250
EICHERMOT_F2,24-11-2023,12:39:00,3889.3999,3889.3999,3889.3999,3889.3999,875,693875
EICHERMOT_F2,24-11-2023,12:40:00,3889.3999,3889.3999,3885.8,3886.3501,1400,693875
EICHERMOT_F2,24-11-2023,12:41:00,3886.3501,3886.55,3886.3501,3886.55,700,693875
EICHERMOT_F2,24-11-2023,12:42:00,3886.55,3886.55,3886.55,3886.55,700,695975
EICHERMOT_F2,24-11-2023,12:43:00,3886.55,3886.55,3886.55,3886.55,175,695975
EICHERMOT_F2,24-11-2023,12:44:00,3886.55,3886.55,3885.0,3885.0,1050,695975
EICHERMOT_F2,24-11-2023,12:45:00,3885.0,3885.0,3885.0,3885.0,525,697375
EICHERMOT_F2,24-11-2023,12:46:00,3886.45,3886.45,3886.3999,3886.3999,875,697375
EICHERMOT_F2,24-11-2023,12:47:00,3886.3999,3886.3999,3886.3999,3886.3999,525,697375
EICHERMOT_F2,24-11-2023,12:48:00,3886.3999,3886.3999,3886.3999,3886.3999,875,699125
EICHERMOT_F2,24-11-2023,12:49:00,3886.3999,3886.3999,3886.3999,3886.3999,1050,699125
EICHERMOT_F2,24-11-2023,12:50:00,3885.1001,3885.1001,3885.1001,3885.1001,700,699125
EICHERMOT_F2,24-11-2023,12:51:00,3886.3501,3886.3501,3885.05,3885.05,1750,701575
EICHERMOT_F2,24-11-2023,12:52:00,3885.05,3885.05,3885.05,3885.05,350,701575
EICHERMOT_F2,24-11-2023,12:53:00,3885.05,3886.3,3885.05,3886.3,525,701575
EICHERMOT_F2,24-11-2023,12:54:00,3886.3,3886.3,3886.3,3886.3,875,702975
EICHERMOT_F2,24-11-2023,12:55:00,3886.0,3886.0,3886.0,3886.0,525,702975
EICHERMOT_F2,24-11-2023,12:56:00,3886.0,3886.0,3886.0,3886.0,350,702975
EICHERMOT_F2,24-11-2023,12:57:00,3886.0,3886.0,3886.0,3886.0,1575,704550
EICHERMOT_F2,24-11-2023,12:58:00,3885.05,3885.05,3885.05,3885.05,875,704550
EICHERMOT_F2,24-11-2023,12:59:00,3885.05,3885.05,3885.0,3885.0,875,704550
EICHERMOT_F2,24-11-2023,13:00:00,3885.0,3885.0,3885.0,3885.0,700,706825
EICHERMOT_F2,24-11-2023,13:01:00,3884.0,3884.0,3884.0,3884.0,525,706825
EICHERMOT_F2,24-11-2023,13:02:00,3884.0,3884.0,3884.0,3884.0,700,706825
EICHERMOT_F2,24-11-2023,13:03:00,3884.0,3884.0,3883.6001,3883.6001,1400,708400
EICHERMOT_F2,24-11-2023,13:04:00,3883.6001,3883.6001,3883.6001,3883.6001,875,708400
EICHERMOT_F2,24-11-2023,13:05:00,3883.6001,3883.6001,3880.0,3880.0,2800,708400
EICHERMOT_F2,24-11-2023,13:06:00,3878.5,3878.5,3878.5,3878.5,1050,711200
EICHERMOT_F2,24-11-2023,13:07:00,3878.5,3879.3501,3876.45,3879.3501,1750,711200
EICHERMOT_F2,24-11-2023,13:08:00,3879.2,3879.25,3878.0,3879.25,875,711200
EICHERMOT_F2,24-11-2023,13:09:00,3879.25,3879.8999,3879.25,3879.25,1050,712250
EICHERMOT_F2,24-11-2023,13:10:00,3879.25,3879.25,3879.0,3879.0,875,712250
EICHERMOT_F2,24-11-2023,13:11:00,3879.0,3879.25,3878.7,3879.25,875,712250
EICHERMOT_F2,24-11-2023,13:12:00,3879.25,3879.25,3879.25,3879.25,1225,713300
EICHERMOT_F2,24-11-2023,13:13:00,3881.8,3881.8,3881.0,3881.0,875,713300
EICHERMOT_F2,24-11-2023,13:14:00,3881.0,3881.3501,3881.0,3881.3501,1225,713300
EICHERMOT_F2,24-11-2023,13:15:00,3881.3501,3881.3501,3881.3501,3881.3501,175,716100
EICHERMOT_F2,24-11-2023,13:16:00,3881.3501,3881.3501,3880.05,3880.05,1050,716100
EICHERMOT_F2,24-11-2023,13:17:00,3882.55,3882.55,3882.55,3882.55,875,716100
EICHERMOT_F2,24-11-2023,13:18:00,3882.55,3882.55,3882.25,3882.25,875,717325
EICHERMOT_F2,24-11-2023,13:19:00,3882.25,3882.25,3882.25,3882.25,525,717325
EICHERMOT_F2,24-11-2023,13:20:00,3882.25,3883.05,3882.25,3883.05,1575,717325
EICHERMOT_F2,24-11-2023,13:21:00,3883.05,3883.05,3883.05,3883.05,1400,719775
EICHERMOT_F2,24-11-2023,13:22:00,3883.05,3883.05,3883.05,3883.05,350,719775
EICHERMOT_F2,24-11-2023,13:23:00,3883.05,3883.05,3883.05,3883.05,350,719775
EICHERMOT_F2,24-11-2023,13:24:00,3883.05,3883.05,3882.0,3882.0,1400,721350
EICHERMOT_F2,24-11-2023,13:25:00,3882.0,3882.0,3882.0,3882.0,525,721350
EICHERMOT_F2,24-11-2023,13:26:00,3882.0,3882.0,3882.0,3882.0,525,721350
EICHERMOT_F2,24-11-2023,13:27:00,3882.0,3882.0,3882.0,3882.0,700,722050
EICHERMOT_F2,24-11-2023,13:28:00,3882.0,3882.0,3882.0,3882.0,525,722050
EICHERMOT_F2,24-11-2023,13:29:00,3883.3999,3883.3999,3883.3999,3883.3999,350,722050
EICHERMOT_F2,24-11-2023,13:30:00,3883.3999,3883.3999,3883.3999,3883.3999,1225,723800
EICHERMOT_F2,24-11-2023,13:31:00,3883.3999,3883.3999,3883.3999,3883.3999,525,723800
EICHERMOT_F2,24-11-2023,13:32:00,3883.3999,3883.3999,3883.3999,3883.3999,350,723800
EICHERMOT_F2,24-11-2023,13:33:00,3883.3999,3883.3999,3883.3999,3883.3999,525,725375
EICHERMOT_F2,24-11-2023,13:34:00,3883.3999,3883.3999,3883.3999,3883.3999,525,725375
EICHERMOT_F2,24-11-2023,13:35:00,3884.3999,3884.3999,3884.3999,3884.3999,700,725375
EICHERMOT_F2,24-11-2023,13:36:00,3884.3999,3884.3999,3884.3999,3884.3999,525,726950
EICHERMOT_F2,24-11-2023,13:37:00,3884.3999,3884.3999,3884.3999,3884.3999,1050,726950
EICHERMOT_F2,24-11-2023,13:38:00,3884.3999,3884.3999,3884.3999,3884.3999,525,726950
EICHERMOT_F2,24-11-2023,13:39:00,3884.3999,3884.3999,3884.3999,3884.3999,1400,728700
EICHERMOT_F2,24-11-2023,13:40:00,3884.3999,3884.3999,3884.3999,3884.3999,175,728700
EICHERMOT_F2,24-11-2023,13:41:00,3884.3999,3884.3999,3881.0,3881.0,1575,728700
EICHERMOT_F2,24-11-2023,13:42:00,3881.0,3881.0,3881.0,3881.0,350,731675
EICHERMOT_F2,24-11-2023,13:43:00,3881.0,3881.0,3881.0,3881.0,875,731675
EICHERMOT_F2,24-11-2023,13:44:00,3881.0,3881.0,3881.0,3881.0,700,731675
EICHERMOT_F2,24-11-2023,13:45:00,3881.0,3881.0,3881.0,3881.0,525,733250
EICHERMOT_F2,24-11-2023,13:46:00,3881.0,3883.75,3881.0,3883.75,525,733250
EICHERMOT_F2,24-11-2023,13:47:00,3883.75,3883.75,3883.75,3883.75,1050,733250
EICHERMOT_F2,24-11-2023,13:48:00,3883.75,3883.75,3883.75,3883.75,700,735175
EICHERMOT_F2,24-11-2023,13:49:00,3883.75,3883.75,3883.75,3883.75,525,735175
EICHERMOT_F2,24-11-2023,13:50:00,3883.75,3883.75,3883.1499,3883.1499,700,735175
EICHERMOT_F2,24-11-2023,13:51:00,3883.1499,3883.1499,3883.1499,3883.1499,350,736925
EICHERMOT_F2,24-11-2023,13:52:00,3883.1499,3883.1499,3883.1499,3883.1499,1050,736925
EICHERMOT_F2,24-11-2023,13:53:00,3883.1499,3883.1499,3883.1499,3883.1499,700,736925
EICHERMOT_F2,24-11-2023,13:54:00,3883.1499,3883.1499,3883.1499,3883.1499,1050,738500
EICHERMOT_F2,24-11-2023,13:55:00,3883.1499,3883.1499,3883.1499,3883.1499,350,738500
EICHERMOT_F2,24-11-2023,13:56:00,3883.1499,3883.1499,3883.1499,3883.1499,525,738500
EICHERMOT_F2,24-11-2023,13:57:00,3883.1499,3883.1499,3883.1499,3883.1499,875,740250
EICHERMOT_F2,24-11-2023,13:58:00,3883.1499,3883.1499,3883.1499,3883.1499,350,740250
EICHERMOT_F2,24-11-2023,13:59:00,3881.75,3881.95,3881.75,3881.8999,2100,740250
EICHERMOT_F2,24-11-2023,14:00:00,3881.8999,3881.8999,3879.75,3879.75,1575,742700
EICHERMOT_F2,24-11-2023,14:01:00,3879.75,3879.8,3878.1001,3879.8,1050,742700
EICHERMOT_F2,24-11-2023,14:02:00,3879.8,3879.8,3879.75,3879.75,875,742700
EICHERMOT_F2,24-11-2023,14:03:00,3879.75,3879.75,3879.75,3879.75,525,745325
EICHERMOT_F2,24-11-2023,14:04:00,3879.75,3879.75,3878.95,3878.95,1575,745325
EICHERMOT_F2,24-11-2023,14:05:00,3878.95,3878.95,3878.3999,3878.3999,875,745325
EICHERMOT_F2,24-11-2023,14:06:00,3879.1499,3879.3501,3879.1499,3879.3501,1050,748300
EICHERMOT_F2,24-11-2023,14:07:00,3879.3501,3879.3501,3878.8999,3878.8999,700,748300
EICHERMOT_F2,24-11-2023,14:08:00,3878.8999,3879.3,3877.8501,3877.8501,1400,748300
EICHERMOT_F2,24-11-2023,14:09:00,3877.8501,3878.0,3877.8501,3878.0,1225,750050
EICHERMOT_F2,24-11-2023,14:10:00,3878.0,3879.8,3878.0,3879.8,700,750050
EICHERMOT_F2,24-11-2023,14:11:00,3879.8,3882.1001,3879.8,3882.1001,525,750050
EICHERMOT_F2,24-11-2023,14:12:00,3882.1001,3883.0,3882.1001,3883.0,700,751100
EICHERMOT_F2,24-11-2023,14:13:00,3883.0,3885.7,3883.0,3885.7,525,751100
EICHERMOT_F2,24-11-2023,14:14:00,3884.05,3884.05,3883.6001,3883.6001,1050,751100
EICHERMOT_F2,24-11-2023,14:15:00,3883.6001,3884.2,3883.6001,3884.2,525,753375
EICHERMOT_F2,24-11-2023,14:16:00,3884.2,3884.2,3883.8501,3883.8501,875,753375
EICHERMOT_F2,24-11-2023,14:17:00,3883.8501,3885.3,3883.8501,3885.3,1050,753375
EICHERMOT_F2,24-11-2023,14:18:00,3885.3,3885.3,3885.3,3885.3,350,754950
EICHERMOT_F2,24-11-2023,14:19:00,3885.3,3885.3,3885.3,3885.3,525,754950
EICHERMOT_F2,24-11-2023,14:20:00,3884.1499,3884.1499,3884.05,3884.05,875,754950
EICHERMOT_F2,24-11-2023,14:21:00,3884.05,3884.05,3884.05,3884.05,700,756700
EICHERMOT_F2,24-11-2023,14:22:00,3884.05,3884.05,3884.05,3884.05,1050,756700
EICHERMOT_F2,24-11-2023,14:23:00,3884.05,3884.05,3880.55,3880.55,700,756700
EICHERMOT_F2,24-11-2023,14:24:00,3880.55,3880.55,3878.0,3879.0,1925,758450
EICHERMOT_F2,24-11-2023,14:25:00,3879.0,3879.0,3879.0,3879.0,525,758450
EICHERMOT_F2,24-11-2023,14:26:00,3879.0,3879.0,3877.0,3877.0,1575,758450
EICHERMOT_F2,24-11-2023,14:27:00,3877.0,3877.5,3877.0,3877.5,700,761425
EICHERMOT_F2,24-11-2023,14:28:00,3877.0,3877.05,3877.0,3877.05,1050,761425
EICHERMOT_F2,24-11-2023,14:29:00,3877.0,3877.0,3877.0,3877.0,525,761425
EICHERMOT_F2,24-11-2023,14:30:00,3877.0,3877.0,3877.0,3877.0,700,762650
EICHERMOT_F2,24-11-2023,14:31:00,3877.0,3877.0,3877.0,3877.0,700,762650
EICHERMOT_F2,24-11-2023,14:32:00,3877.0,3877.0,3876.6001,3876.6001,525,762650
EICHERMOT_F2,24-11-2023,14:33:00,3877.5,3877.6001,3877.3999,3877.6001,2450,764750
EICHERMOT_F2,24-11-2023,14:34:00,3877.6001,3877.6001,3877.6001,3877.6001,350,764750
EICHERMOT_F2,24-11-2023,14:35:00,3877.6001,3878.2,3877.6001,3878.2,700,764750
EICHERMOT_F2,24-11-2023,14:36:00,3878.2,3878.2,3878.2,3878.2,350,765975
EICHERMOT_F2,24-11-2023,14:37:00,3878.2,3878.2,3878.2,3878.2,525,765975
EICHERMOT_F2,24-11-2023,14:38:00,3878.25,3878.25,3878.25,3878.25,525,765975
EICHERMOT_F2,24-11-2023,14:39:00,3878.25,3878.25,3878.25,3878.25,350,767375
EICHERMOT_F2,24-11-2023,14:40:00,3878.25,3879.8999,3878.25,3879.8999,875,767375
EICHERMOT_F2,24-11-2023,14:41:00,3881.8501,3882.3999,3881.8501,3882.3999,525,767375
EICHERMOT_F2,24-11-2023,14:42:00,3882.3999,3882.3999,3881.8,3882.3999,1050,768950
EICHERMOT_F2,24-11-2023,14:43:00,3882.3999,3886.0,3882.3999,3886.0,875,768950
EICHERMOT_F2,24-11-2023,14:44:00,3886.0,3886.0,3885.0,3885.0,700,768950
EICHERMOT_F2,24-11-2023,14:45:00,3885.0,3889.1001,3885.0,3889.1001,875,770350
EICHERMOT_F2,24-11-2023,14:46:00,3889.1001,3890.3501,3889.1001,3890.3501,1400,770350
EICHERMOT_F2,24-11-2023,14:47:00,3890.3501,3890.3501,3890.0,3890.0,875,770350
EICHERMOT_F2,24-11-2023,14:48:00,3890.0,3890.3999,3890.0,3890.3999,700,771400
EICHERMOT_F2,24-11-2023,14:49:00,3890.3501,3890.3501,3890.1001,3890.1001,875,771400
EICHERMOT_F2,24-11-2023,14:50:00,3890.3501,3891.1499,3890.3501,3891.1499,4725,771400
EICHERMOT_F2,24-11-2023,14:51:00,3889.2,3889.2,3889.2,3889.2,700,771400
EICHERMOT_F2,24-11-2023,14:52:00,3887.5,3887.6001,3885.6499,3885.6499,700,777350
EICHERMOT_F2,24-11-2023,14:53:00,3885.6499,3885.6499,3884.6499,3884.6499,700,777350
EICHERMOT_F2,24-11-2023,14:54:00,3883.2,3883.2,3883.2,3883.2,875,778400
EICHERMOT_F2,24-11-2023,14:55:00,3885.45,3886.55,3885.45,3886.5,2625,778400
EICHERMOT_F2,24-11-2023,14:56:00,3886.5,3886.5,3885.05,3885.05,525,778400
EICHERMOT_F2,24-11-2023,14:57:00,3886.0,3886.0,3886.0,3886.0,875,780150
EICHERMOT_F2,24-11-2023,14:58:00,3887.0,3887.0,3887.0,3887.0,350,780150
EICHERMOT_F2,24-11-2023,14:59:00,3887.0,3887.0,3887.0,3887.0,525,780150
EICHERMOT_F2,24-11-2023,15:00:00,3883.6499,3883.6499,3879.5,3879.5,3675,781375
EICHERMOT_F2,24-11-2023,15:01:00,3879.5,3879.5,3879.5,3879.5,1050,781375
EICHERMOT_F2,24-11-2023,15:02:00,3879.5,3879.5,3879.5,3879.5,525,781375
EICHERMOT_F2,24-11-2023,15:04:00,3879.5,3879.5,3879.5,3879.5,1400,784875
EICHERMOT_F2,24-11-2023,15:05:00,3881.6001,3881.6001,3880.0,3880.0,1050,784875
EICHERMOT_F2,24-11-2023,15:06:00,3880.0,3880.0,3880.0,3880.0,525,786800
EICHERMOT_F2,24-11-2023,15:07:00,3880.05,3880.05,3880.05,3880.05,525,786800
EICHERMOT_F2,24-11-2023,15:08:00,3877.2,3878.1001,3876.95,3876.95,1750,786800
EICHERMOT_F2,24-11-2023,15:09:00,3876.95,3877.75,3876.95,3877.75,350,787675
EICHERMOT_F2,24-11-2023,15:10:00,3876.8501,3876.8501,3876.8501,3876.8501,700,787675
EICHERMOT_F2,24-11-2023,15:11:00,3879.0,3879.0,3876.75,3876.75,1575,787675
EICHERMOT_F2,24-11-2023,15:12:00,3876.75,3878.1499,3876.1001,3878.1499,1050,789075
EICHERMOT_F2,24-11-2023,15:13:00,3878.1499,3878.1499,3875.0,3877.0,1750,789075
EICHERMOT_F2,24-11-2023,15:14:00,3878.3501,3878.3501,3878.3501,3878.3501,700,789075
EICHERMOT_F2,24-11-2023,15:15:00,3880.1499,3880.1499,3880.1499,3880.1499,700,791350
EICHERMOT_F2,24-11-2023,15:16:00,3879.8999,3881.2,3879.8999,3881.2,350,791350
EICHERMOT_F2,24-11-2023,15:17:00,3881.0,3883.0,3880.0,3880.0,1925,791350
EICHERMOT_F2,24-11-2023,15:18:00,3880.0,3880.0,3879.05,3879.05,525,792925
EICHERMOT_F2,24-11-2023,15:19:00,3879.05,3880.0,3879.05,3879.3501,700,792925
EICHERMOT_F2,24-11-2023,15:20:00,3879.3501,3879.3501,3876.8,3879.1001,1225,792925
EICHERMOT_F2,24-11-2023,15:21:00,3878.75,3880.05,3878.6499,3879.7,1575,793450
EICHERMOT_F2,24-11-2023,15:22:00,3879.7,3879.7,3879.7,3879.7,700,793450
EICHERMOT_F2,24-11-2023,15:23:00,3879.25,3879.25,3878.55,3878.55,525,793450
EICHERMOT_F2,24-11-2023,15:24:00,3879.0,3880.3999,3877.7,3877.7,3150,796425
EICHERMOT_F2,24-11-2023,15:25:00,3877.3999,3877.45,3877.3501,3877.3501,1575,796425
EICHERMOT_F2,24-11-2023,15:26:00,3878.8999,3878.95,3878.3999,3878.95,875,796425
EICHERMOT_F2,24-11-2023,15:27:00,3878.95,3878.95,3878.0,3878.0,875,798350
EICHERMOT_F2,24-11-2023,15:28:00,3878.0,3878.5,3876.05,3876.05,6650,798350
EICHERMOT_F2,24-11-2023,15:29:00,3876.05,3877.8501,3875.55,3875.6499,1050,798350
EICHERMOT_F2,28-11-2023,09:15:00,3938.0,3938.0,3896.3,3900.0,2803,799225
EICHERMOT_F2,28-11-2023,09:16:00,3907.8501,3909.8501,3907.8501,3909.8501,11725,799225
EICHERMOT_F2,28-11-2023,09:17:00,3906.8,3910.0,3906.8,3910.0,14175,811650
EICHERMOT_F2,28-11-2023,09:18:00,3907.2,3911.75,3906.7,3910.8999,9100,811650
EICHERMOT_F2,28-11-2023,09:19:00,3910.0,3910.55,3904.45,3909.1001,11375,811650
EICHERMOT_F2,28-11-2023,09:20:00,3909.1001,3916.8,3909.1001,3916.8,13125,834750
EICHERMOT_F2,28-11-2023,09:21:00,3916.6499,3919.6499,3915.3,3917.6001,12425,834750
EICHERMOT_F2,28-11-2023,09:22:00,3917.5,3917.5,3909.6001,3911.7,9800,834750
EICHERMOT_F2,28-11-2023,09:23:00,3911.7,3916.7,3911.6499,3911.75,6475,856625
EICHERMOT_F2,28-11-2023,09:24:00,3912.3,3914.2,3909.55,3909.55,7700,856625
EICHERMOT_F2,28-11-2023,09:25:00,3909.55,3913.7,3908.8501,3911.75,7000,856625
EICHERMOT_F2,28-11-2023,09:26:00,3910.55,3913.3,3910.55,3913.25,7175,866950
EICHERMOT_F2,28-11-2023,09:27:00,3913.25,3913.25,3908.05,3909.7,8400,866950
EICHERMOT_F2,28-11-2023,09:28:00,3909.7,3909.7,3905.0,3906.0,8225,866950
EICHERMOT_F2,28-11-2023,09:29:00,3906.0,3907.3999,3893.45,3896.45,8400,887075
EICHERMOT_F2,28-11-2023,09:30:00,3896.45,3901.7,3895.0,3901.7,7000,887075
EICHERMOT_F2,28-11-2023,09:31:00,3901.7,3906.75,3901.55,3903.1499,6300,887075
EICHERMOT_F2,28-11-2023,09:32:00,3903.1001,3904.55,3903.1001,3904.55,4375,897400
EICHERMOT_F2,28-11-2023,09:33:00,3904.55,3904.55,3899.95,3900.0,4725,897400
EICHERMOT_F2,28-11-2023,09:34:00,3900.0,3900.0,3897.95,3899.7,4725,897400
EICHERMOT_F2,28-11-2023,09:35:00,3899.7,3899.7,3888.2,3889.7,37625,899150
EICHERMOT_F2,28-11-2023,09:36:00,3889.7,3893.3501,3886.6001,3886.6001,6125,899150
EICHERMOT_F2,28-11-2023,09:37:00,3888.7,3888.7,3882.1001,3882.95,5250,899150
EICHERMOT_F2,28-11-2023,09:38:00,3882.95,3882.95,3882.3999,3882.5,3325,941150
EICHERMOT_F2,28-11-2023,09:39:00,3880.2,3884.05,3880.2,3881.7,4725,941150
EICHERMOT_F2,28-11-2023,09:40:00,3878.3501,3879.7,3871.1001,3874.3501,6475,941150
EICHERMOT_F2,28-11-2023,09:41:00,3873.8501,3876.8,3871.8501,3871.8501,8050,952525
EICHERMOT_F2,28-11-2023,09:42:00,3875.05,3875.05,3870.3999,3870.3999,18025,952525
EICHERMOT_F2,28-11-2023,09:43:00,3864.1001,3872.75,3864.1001,3871.25,6825,952525
EICHERMOT_F2,28-11-2023,09:44:00,3867.05,3870.55,3865.2,3865.3,7525,980000
EICHERMOT_F2,28-11-2023,09:45:00,3865.0,3867.8,3865.0,3867.8,4200,980000
EICHERMOT_F2,28-11-2023,09:46:00,3867.8,3867.8,3865.5,3865.95,4025,980000
EICHERMOT_F2,28-11-2023,09:47:00,3865.95,3866.8501,3865.95,3866.8501,4725,988750
EICHERMOT_F2,28-11-2023,09:48:00,3867.8999,3868.75,3867.0,3868.6001,4900,988750
EICHERMOT_F2,28-11-2023,09:49:00,3869.2,3869.6001,3866.05,3867.1001,5425,988750
EICHERMOT_F2,28-11-2023,09:50:00,3865.6499,3867.3999,3865.05,3867.3999,5775,992950
EICHERMOT_F2,28-11-2023,09:51:00,3867.3999,3869.6001,3867.3999,3867.3999,5250,992950
EICHERMOT_F2,28-11-2023,09:52:00,3868.7,3868.7,3865.6001,3865.6001,4200,992950
EICHERMOT_F2,28-11-2023,09:53:00,3865.6001,3867.0,3864.95,3865.6499,14525,1010625
EICHERMOT_F2,28-11-2023,09:54:00,3865.6499,3866.2,3864.0,3866.2,6125,1010625
EICHERMOT_F2,28-11-2023,09:55:00,3866.5,3868.75,3864.95,3868.75,12950,1010625
EICHERMOT_F2,28-11-2023,09:56:00,3868.75,3868.75,3866.1499,3867.8,6300,1036525
EICHERMOT_F2,28-11-2023,09:57:00,3867.8,3867.8999,3866.5,3866.5,4725,1036525
EICHERMOT_F2,28-11-2023,09:58:00,3866.5,3866.5,3863.1001,3863.1001,5075,1036525
EICHERMOT_F2,28-11-2023,09:59:00,3863.1001,3863.1001,3858.6499,3860.1001,7175,1049650
EICHERMOT_F2,28-11-2023,10:00:00,3860.1001,3860.1001,3858.5,3860.1001,6475,1049650
EICHERMOT_F2,28-11-2023,10:01:00,3860.1001,3865.8999,3860.1001,3865.8999,5775,1049650
EICHERMOT_F2,28-11-2023,10:02:00,3865.8999,3865.8999,3861.6001,3862.8501,5250,1061375
EICHERMOT_F2,28-11-2023,10:03:00,3862.8501,3865.5,3861.1001,3861.1001,5075,1061375
EICHERMOT_F2,28-11-2023,10:04:00,3859.05,3861.3501,3859.05,3861.3501,5600,1061375
EICHERMOT_F2,28-11-2023,10:05:00,3861.3501,3861.3501,3859.05,3860.45,3850,1072925
EICHERMOT_F2,28-11-2023,10:06:00,3860.45,3861.6499,3859.0,3861.1499,6475,1072925
EICHERMOT_F2,28-11-2023,10:07:00,3861.1499,3861.3501,3860.8,3861.05,4025,1072925
EICHERMOT_F2,28-11-2023,10:08:00,3861.05,3862.0,3857.1499,3857.1499,5250,1085350
EICHERMOT_F2,28-11-2023,10:09:00,3857.1499,3858.1499,3851.05,3852.45,7525,1085350
EICHERMOT_F2,28-11-2023,10:10:00,3855.0,3856.45,3852.2,3854.3,7000,1085350
EICHERMOT_F2,28-11-2023,10:11:00,3854.3,3856.5,3854.3,3856.5,4375,1099700
EICHERMOT_F2,28-11-2023,10:12:00,3856.5,3857.3999,3855.25,3855.25,4550,1099700
EICHERMOT_F2,28-11-2023,10:13:00,3857.6499,3861.1499,3855.8,3855.8,4900,1099700
EICHERMOT_F2,28-11-2023,10:14:00,3855.8,3858.95,3855.1001,3855.1001,4725,1111775
EICHERMOT_F2,28-11-2023,10:15:00,3855.0,3857.5,3855.0,3856.3501,4725,1111775
EICHERMOT_F2,28-11-2023,10:16:00,3857.3999,3860.1499,3855.7,3859.25,6300,1111775
EICHERMOT_F2,28-11-2023,10:17:00,3859.25,3860.8501,3856.6499,3860.8501,5075,1124025
EICHERMOT_F2,28-11-2023,10:18:00,3861.1001,3861.3,3857.2,3859.6499,5250,1124025
EICHERMOT_F2,28-11-2023,10:19:00,3861.0,3861.3,3857.6499,3861.3,5950,1124025
EICHERMOT_F2,28-11-2023,10:20:00,3861.3,3861.5,3860.0,3861.5,6825,1137500
EICHERMOT_F2,28-11-2023,10:21:00,3863.3,3864.05,3861.3999,3863.6001,5425,1137500
EICHERMOT_F2,28-11-2023,10:22:00,3863.6001,3867.1001,3863.6001,3865.05,64575,1137500
EICHERMOT_F2,28-11-2023,10:23:00,3863.25,3863.6499,3862.1499,3863.6499,10850,1207500
EICHERMOT_F2,28-11-2023,10:24:00,3863.6499,3863.6499,3863.3,3863.3,21000,1207500
EICHERMOT_F2,28-11-2023,10:25:00,3863.0,3863.0,3860.5,3862.2,43050,1207500
EICHERMOT_F2,28-11-2023,10:26:00,3862.2,3862.2,3857.75,3857.75,9625,1273825
EICHERMOT_F2,28-11-2023,10:27:00,3857.75,3859.1001,3856.3501,3859.1001,4725,1273825
EICHERMOT_F2,28-11-2023,10:28:00,3859.1001,3859.6001,3859.0,3859.6001,3500,1273825
EICHERMOT_F2,28-11-2023,10:29:00,3859.6001,3860.0,3857.3999,3857.3999,5250,1274700
EICHERMOT_F2,28-11-2023,10:30:00,3857.3999,3857.3999,3857.3999,3857.3999,3325,1274700
EICHERMOT_F2,28-11-2023,10:31:00,3858.0,3858.0,3857.6001,3857.6001,6300,1274700
EICHERMOT_F2,28-11-2023,10:32:00,3854.05,3856.25,3854.05,3855.25,8575,1289400
EICHERMOT_F2,28-11-2023,10:33:00,3855.25,3855.25,3852.6001,3852.6001,11550,1289400
EICHERMOT_F2,28-11-2023,10:34:00,3852.6001,3858.8,3852.6001,3858.3999,4900,1289400
EICHERMOT_F2,28-11-2023,10:35:00,3858.3999,3860.5,3858.3999,3860.3501,2975,1305500
EICHERMOT_F2,28-11-2023,10:36:00,3860.3501,3860.8,3855.55,3855.55,4025,1305500
EICHERMOT_F2,28-11-2023,10:37:00,3855.55,3857.5,3855.55,3857.1499,2975,1305500
EICHERMOT_F2,28-11-2023,10:38:00,3856.1001,3858.1499,3856.1001,3858.1499,2800,1313725
EICHERMOT_F2,28-11-2023,10:39:00,3858.1499,3858.3501,3854.3,3856.6001,3500,1313725
EICHERMOT_F2,28-11-2023,10:40:00,3856.6001,3856.75,3854.45,3856.3999,3850,1313725
EICHERMOT_F2,28-11-2023,10:41:00,3856.3999,3856.45,3854.3999,3854.3999,2800,1322475
EICHERMOT_F2,28-11-2023,10:42:00,3854.3999,3857.3999,3854.3999,3856.7,2975,1322475
EICHERMOT_F2,28-11-2023,10:43:00,3856.7,3856.7,3852.55,3852.55,5600,1322475
EICHERMOT_F2,28-11-2023,10:44:00,3852.55,3852.95,3852.55,3852.55,2450,1325275
EICHERMOT_F2,28-11-2023,10:45:00,3852.55,3855.25,3852.55,3855.25,1575,1325275
EICHERMOT_F2,28-11-2023,10:46:00,3852.5,3856.75,3852.5,3856.75,4375,1325275
EICHERMOT_F2,28-11-2023,10:47:00,3856.75,3859.3501,3855.7,3855.7,45675,1331925
EICHERMOT_F2,28-11-2023,10:48:00,3855.7,3855.8501,3852.25,3852.3,15750,1331925
EICHERMOT_F2,28-11-2023,10:49:00,3852.3,3852.3,3851.3501,3851.3501,2800,1331925
EICHERMOT_F2,28-11-2023,10:50:00,3852.7,3853.95,3851.3999,3852.7,8400,1398075
EICHERMOT_F2,28-11-2023,10:51:00,3852.7,3854.5,3851.3501,3854.45,3325,1398075
EICHERMOT_F2,28-11-2023,10:52:00,3854.45,3854.45,3851.7,3854.0,2800,1398075
EICHERMOT_F2,28-11-2023,10:53:00,3855.2,3855.2,3854.8,3854.8,2975,1405950
EICHERMOT_F2,28-11-2023,10:54:00,3854.8,3855.95,3852.8501,3855.05,2800,1405950
EICHERMOT_F2,28-11-2023,10:55:00,3855.05,3855.95,3852.8999,3855.05,4025,1405950
EICHERMOT_F2,28-11-2023,10:56:00,3855.05,3855.5,3853.25,3855.0,3325,1411550
EICHERMOT_F2,28-11-2023,10:57:00,3855.0,3855.0,3853.2,3853.2,2100,1411550
EICHERMOT_F2,28-11-2023,10:58:00,3855.0,3855.0,3852.75,3853.5,3150,1411550
EICHERMOT_F2,28-11-2023,10:59:00,3854.0,3856.45,3852.6499,3852.6499,10150,1419075
EICHERMOT_F2,28-11-2023,11:00:00,3852.6499,3853.95,3851.8999,3853.95,11725,1419075
EICHERMOT_F2,28-11-2023,11:01:00,3853.95,3853.95,3851.3,3851.3,3500,1419075
EICHERMOT_F2,28-11-2023,11:02:00,3852.8999,3852.8999,3851.0,3851.0,3150,1441125
EICHERMOT_F2,28-11-2023,11:03:00,3851.0,3851.0,3851.0,3851.0,2450,1441125
EICHERMOT_F2,28-11-2023,11:04:00,3851.0,3851.0,3848.05,3848.05,4725,1441125
EICHERMOT_F2,28-11-2023,11:05:00,3845.2,3848.3,3843.75,3847.95,7175,1448300
EICHERMOT_F2,28-11-2023,11:06:00,3847.95,3847.95,3841.0,3844.95,4900,1448300
EICHERMOT_F2,28-11-2023,11:07:00,3844.95,3845.3999,3844.95,3845.1499,2275,1448300
EICHERMOT_F2,28-11-2023,11:08:00,3845.1499,3845.1499,3842.6001,3842.6001,3150,1456000
EICHERMOT_F2,28-11-2023,11:09:00,3841.3999,3843.8999,3841.3999,3841.5,4025,1456000
EICHERMOT_F2,28-11-2023,11:10:00,3841.5,3842.5,3840.8,3842.3,2625,1456000
EICHERMOT_F2,28-11-2023,11:11:00,3843.1001,3843.1001,3842.1499,3842.1499,3325,1463875
EICHERMOT_F2,28-11-2023,11:12:00,3842.1499,3843.55,3842.1499,3843.55,2800,1463875
EICHERMOT_F2,28-11-2023,11:13:00,3843.55,3843.55,3841.1001,3841.1001,50925,1463875
EICHERMOT_F2,28-11-2023,11:14:00,3841.1001,3842.8501,3841.1001,3842.8501,9275,1463875
EICHERMOT_F2,28-11-2023,11:15:00,3842.0,3846.3,3842.0,3846.3,5775,1523025
EICHERMOT_F2,28-11-2023,11:16:00,3846.3,3846.3,3843.8,3843.8,2100,1523025
EICHERMOT_F2,28-11-2023,11:17:00,3844.0,3845.0,3844.0,3844.1001,2625,1530200
EICHERMOT_F2,28-11-2023,11:18:00,3844.1001,3845.0,3842.7,3845.0,4025,1530200
EICHERMOT_F2,28-11-2023,11:19:00,3844.1001,3845.5,3844.1001,3844.1001,2625,1530200
EICHERMOT_F2,28-11-2023,11:20:00,3843.75,3843.75,3843.75,3843.75,2275,1530200
EICHERMOT_F2,28-11-2023,11:21:00,3845.6001,3845.6001,3843.45,3843.45,3500,1537550
EICHERMOT_F2,28-11-2023,11:22:00,3843.45,3843.55,3843.45,3843.55,1575,1537550
EICHERMOT_F2,28-11-2023,11:23:00,3843.3,3844.75,3843.3,3844.75,7000,1537550
EICHERMOT_F2,28-11-2023,11:24:00,3843.6001,3843.6001,3841.0,3841.0,10150,1550150
EICHERMOT_F2,28-11-2023,11:25:00,3841.0,3841.6001,3841.0,3841.0,2800,1550150
EICHERMOT_F2,28-11-2023,11:26:00,3841.0,3841.0,3841.0,3841.0,2100,1550150
EICHERMOT_F2,28-11-2023,11:27:00,3840.6001,3840.6001,3840.0,3840.0,4025,1561175
EICHERMOT_F2,28-11-2023,11:28:00,3839.45,3840.0,3839.45,3840.0,1925,1561175
EICHERMOT_F2,28-11-2023,11:29:00,3839.05,3839.8,3839.05,3839.8,3325,1561175
EICHERMOT_F2,28-11-2023,11:30:00,3840.5,3840.5,3833.1499,3835.75,8750,1566425
EICHERMOT_F2,28-11-2023,11:31:00,3834.1499,3836.75,3834.0,3834.8501,3675,1566425
EICHERMOT_F2,28-11-2023,11:32:00,3834.8501,3834.8999,3830.45,3830.45,5250,1575175
EICHERMOT_F2,28-11-2023,11:33:00,3830.45,3835.0,3830.45,3835.0,3850,1575175
EICHERMOT_F2,28-11-2023,11:34:00,3835.0,3835.0,3832.1499,3834.0,3675,1575175
EICHERMOT_F2,28-11-2023,11:35:00,3834.0,3834.0,3832.0,3832.05,3325,1583050
EICHERMOT_F2,28-11-2023,11:36:00,3832.0,3832.0,3832.0,3832.0,1575,1583050
EICHERMOT_F2,28-11-2023,11:37:00,3832.0,3832.5,3829.0,3829.0,8400,1583050
EICHERMOT_F2,28-11-2023,11:38:00,3829.0,3830.6499,3826.0,3830.6499,6125,1591800
EICHERMOT_F2,28-11-2023,11:39:00,3830.55,3830.55,3825.0,3825.0,6125,1591800
EICHERMOT_F2,28-11-2023,11:40:00,3825.0,3827.3501,3825.0,3827.3501,3150,1591800
EICHERMOT_F2,28-11-2023,11:41:00,3827.3501,3827.3999,3824.1001,3824.1001,3325,1600200
EICHERMOT_F2,28-11-2023,11:42:00,3824.1001,3828.0,3824.1001,3826.95,5775,1600200
EICHERMOT_F2,28-11-2023,11:43:00,3827.45,3827.45,3824.55,3826.0,4200,1600200
EICHERMOT_F2,28-11-2023,11:44:00,3826.0,3829.25,3823.8501,3823.8501,3675,1609125
EICHERMOT_F2,28-11-2023,11:45:00,3823.8501,3824.5,3817.45,3819.25,7875,1609125
EICHERMOT_F2,28-11-2023,11:46:00,3819.25,3823.25,3819.25,3823.25,3675,1609125
EICHERMOT_F2,28-11-2023,11:47:00,3823.25,3823.8501,3822.8,3822.8,2975,1616650
EICHERMOT_F2,28-11-2023,11:48:00,3820.8999,3823.7,3817.3999,3817.3999,4900,1616650
EICHERMOT_F2,28-11-2023,11:49:00,3817.3999,3820.0,3817.3,3819.55,3675,1616650
EICHERMOT_F2,28-11-2023,11:50:00,3818.7,3821.2,3818.7,3821.2,2975,1622075
EICHERMOT_F2,28-11-2023,11:51:00,3821.2,3822.25,3820.5,3820.5,2275,1622075
EICHERMOT_F2,28-11-2023,11:52:00,3820.5,3824.05,3819.75,3821.0,5250,1622075
EICHERMOT_F2,28-11-2023,11:53:00,3821.0,3822.05,3819.05,3820.3999,6300,1626625
EICHERMOT_F2,28-11-2023,11:54:00,3820.3999,3824.0,3819.8501,3824.0,5075,1626625
EICHERMOT_F2,28-11-2023,11:55:00,3821.3,3821.3,3820.0,3820.6499,7700,1626625
EICHERMOT_F2,28-11-2023,11:56:00,3820.6499,3820.8999,3820.0,3820.8999,2450,1639575
EICHERMOT_F2,28-11-2023,11:57:00,3820.8999,3821.0,3820.8999,3821.0,2800,1639575
EICHERMOT_F2,28-11-2023,11:58:00,3820.7,3821.05,3820.7,3821.05,2100,1639575
EICHERMOT_F2,28-11-2023,11:59:00,3820.75,3820.75,3820.6001,3820.6001,3675,1639575
EICHERMOT_F2,28-11-2023,12:00:00,3820.0,3820.7,3820.0,3820.7,4375,1646575
EICHERMOT_F2,28-11-2023,12:01:00,3820.7,3820.7,3819.0,3819.0,2975,1646575
EICHERMOT_F2,28-11-2023,12:02:00,3818.55,3818.55,3815.1499,3816.55,6300,1654625
EICHERMOT_F2,28-11-2023,12:03:00,3816.55,3816.55,3814.5,3815.05,3500,1654625
EICHERMOT_F2,28-11-2023,12:04:00,3814.8501,3818.0,3814.1001,3816.1499,5425,1654625
EICHERMOT_F2,28-11-2023,12:05:00,3816.1499,3816.6499,3816.1499,3816.3501,2275,1663200
EICHERMOT_F2,28-11-2023,12:06:00,3816.8501,3817.55,3816.8501,3817.55,2450,1663200
EICHERMOT_F2,28-11-2023,12:07:00,3817.55,3821.0,3817.55,3818.1499,5250,1663200
EICHERMOT_F2,28-11-2023,12:08:00,3818.1499,3819.55,3814.45,3814.45,4375,1671600
EICHERMOT_F2,28-11-2023,12:09:00,3814.45,3817.8501,3814.45,3817.7,7700,1671600
EICHERMOT_F2,28-11-2023,12:10:00,3817.7,3819.3999,3816.5,3818.25,4200,1671600
EICHERMOT_F2,28-11-2023,12:11:00,3818.25,3818.25,3817.95,3818.0,2800,1678950
EICHERMOT_F2,28-11-2023,12:12:00,3817.95,3817.95,3816.0,3816.0,2100,1678950
EICHERMOT_F2,28-11-2023,12:13:00,3815.7,3817.8,3814.3,3815.05,5075,1678950
EICHERMOT_F2,28-11-2023,12:14:00,3815.05,3815.6499,3813.45,3813.55,4025,1687875
EICHERMOT_F2,28-11-2023,12:15:00,3813.55,3817.25,3813.55,3816.3999,3675,1687875
EICHERMOT_F2,28-11-2023,12:16:00,3816.3999,3816.3999,3814.1499,3814.1499,3325,1687875
EICHERMOT_F2,28-11-2023,12:17:00,3814.1499,3815.6001,3814.1499,3815.6001,2625,1687875
EICHERMOT_F2,28-11-2023,12:18:00,3814.3,3814.3,3814.05,3814.05,3500,1695750
EICHERMOT_F2,28-11-2023,12:19:00,3812.6499,3812.75,3808.6001,3808.6001,7875,1695750
EICHERMOT_F2,28-11-2023,12:20:00,3808.75,3814.95,3808.75,3811.0,4200,1695750
EICHERMOT_F2,28-11-2023,12:21:00,3811.8501,3811.8501,3811.0,3811.75,4200,1704150
EICHERMOT_F2,28-11-2023,12:22:00,3812.1499,3813.3999,3811.0,3812.55,4025,1704150
EICHERMOT_F2,28-11-2023,12:23:00,3812.55,3814.0,3811.05,3813.8999,6125,1713775
EICHERMOT_F2,28-11-2023,12:24:00,3813.8999,3813.8999,3812.3999,3813.3,4200,1713775
EICHERMOT_F2,28-11-2023,12:25:00,3813.6001,3815.6499,3813.6001,3814.3999,4025,1713775
EICHERMOT_F2,28-11-2023,12:26:00,3814.1499,3815.6001,3813.1001,3813.1001,4025,1723575
EICHERMOT_F2,28-11-2023,12:27:00,3813.1001,3817.45,3812.5,3817.45,7175,1723575
EICHERMOT_F2,28-11-2023,12:28:00,3816.7,3818.5,3816.7,3818.05,5075,1723575
EICHERMOT_F2,28-11-2023,12:29:00,3818.05,3819.6499,3817.3999,3819.6499,3325,1732675
EICHERMOT_F2,28-11-2023,12:30:00,3819.6499,3821.0,3818.45,3819.45,5075,1732675
EICHERMOT_F2,28-11-2023,12:31:00,3821.1499,3822.95,3820.6499,3821.6001,5950,1732675
EICHERMOT_F2,28-11-2023,12:32:00,3821.1499,3827.6499,3821.1499,3827.6499,9100,1744925
EICHERMOT_F2,28-11-2023,12:33:00,3827.6499,3835.75,3827.6499,3835.0,6475,1744925
EICHERMOT_F2,28-11-2023,12:34:00,3835.7,3836.5,3833.95,3836.5,3675,1744925
EICHERMOT_F2,28-11-2023,12:35:00,3836.5,3837.45,3834.6499,3835.0,3500,1755775
EICHERMOT_F2,28-11-2023,12:36:00,3830.1001,3830.1001,3827.0,3828.0,6125,1755775
EICHERMOT_F2,28-11-2023,12:37:00,3828.0,3829.8999,3828.0,3828.0,4200,1755775
EICHERMOT_F2,28-11-2023,12:38:00,3828.0,3830.55,3827.1499,3830.55,3500,1755775
EICHERMOT_F2,28-11-2023,12:39:00,3830.55,3834.1001,3829.3501,3832.05,4025,1767850
EICHERMOT_F2,28-11-2023,12:40:00,3832.05,3832.05,3830.05,3830.1499,2975,1767850
EICHERMOT_F2,28-11-2023,12:41:00,3830.1499,3830.1499,3828.3,3828.3,2800,1772225
EICHERMOT_F2,28-11-2023,12:42:00,3828.3,3830.0,3828.3,3830.0,2625,1772225
EICHERMOT_F2,28-11-2023,12:43:00,3830.25,3830.55,3828.3999,3829.3501,3500,1772225
EICHERMOT_F2,28-11-2023,12:44:00,3831.25,3832.05,3829.6499,3829.6499,3850,1772225
EICHERMOT_F2,28-11-2023,12:45:00,3829.6499,3830.3,3828.6499,3829.95,3325,1781325
EICHERMOT_F2,28-11-2023,12:46:00,3829.95,3832.7,3828.7,3832.7,3850,1781325
EICHERMOT_F2,28-11-2023,12:47:00,3832.7,3832.7,3828.25,3828.25,3150,1789900
EICHERMOT_F2,28-11-2023,12:48:00,3828.25,3831.25,3828.25,3831.25,2975,1789900
EICHERMOT_F2,28-11-2023,12:49:00,3831.0,3832.0,3829.8501,3830.2,6300,1789900
EICHERMOT_F2,28-11-2023,12:50:00,3830.2,3832.0,3830.2,3832.0,3325,1789900
EICHERMOT_F2,28-11-2023,12:51:00,3830.95,3832.8501,3830.75,3831.1001,3850,1797425
EICHERMOT_F2,28-11-2023,12:52:00,3832.8,3833.45,3832.8,3833.45,1925,1797425
EICHERMOT_F2,28-11-2023,12:53:00,3833.45,3833.8,3833.45,3833.6499,4025,1797425
EICHERMOT_F2,28-11-2023,12:54:00,3833.8999,3835.0,3830.8,3832.95,4900,1806175
EICHERMOT_F2,28-11-2023,12:55:00,3832.95,3833.6499,3832.95,3833.6499,2800,1806175
EICHERMOT_F2,28-11-2023,12:56:00,3833.6499,3834.3999,3832.0,3832.75,2975,1806175
EICHERMOT_F2,28-11-2023,12:57:00,3832.75,3832.75,3826.05,3827.25,4725,1815100
EICHERMOT_F2,28-11-2023,12:58:00,3828.05,3828.05,3826.0,3826.2,3325,1815100
EICHERMOT_F2,28-11-2023,12:59:00,3826.25,3826.95,3825.0,3825.0,3850,1815100
EICHERMOT_F2,28-11-2023,13:00:00,3825.0,3828.6001,3825.0,3827.8999,3500,1823850
EICHERMOT_F2,28-11-2023,13:01:00,3827.8999,3829.3999,3827.3,3828.2,3150,1823850
EICHERMOT_F2,28-11-2023,13:02:00,3828.2,3829.3999,3827.45,3829.3999,3500,1823850
EICHERMOT_F2,28-11-2023,13:03:00,3828.95,3829.75,3828.95,3829.75,3850,1781850
EICHERMOT_F2,28-11-2023,13:04:00,3829.75,3832.1001,3829.75,3831.45,3500,1781850
EICHERMOT_F2,28-11-2023,13:05:00,3831.45,3832.1001,3829.6499,3831.95,3850,1781850
EICHERMOT_F2,28-11-2023,13:06:00,3831.95,3836.1499,3831.6001,3834.6499,6475,1790950
EICHERMOT_F2,28-11-2023,13:07:00,3835.95,3835.95,3833.6499,3834.0,3325,1790950
EICHERMOT_F2,28-11-2023,13:08:00,3834.0,3834.0,3831.05,3832.8501,3500,1790950
EICHERMOT_F2,28-11-2023,13:09:00,3832.8501,3835.6499,3832.8501,3834.6001,5950,1799700
EICHERMOT_F2,28-11-2023,13:10:00,3834.6499,3835.6499,3833.3,3835.55,3675,1799700
EICHERMOT_F2,28-11-2023,13:11:00,3835.55,3836.1001,3835.0,3835.95,2975,1799700
EICHERMOT_F2,28-11-2023,13:12:00,3836.05,3836.6499,3834.75,3836.6499,3850,1810550
EICHERMOT_F2,28-11-2023,13:13:00,3836.6499,3837.3501,3835.5,3837.3501,4200,1810550
EICHERMOT_F2,28-11-2023,13:14:00,3837.3501,3839.3501,3836.5,3836.5,2975,1810550
EICHERMOT_F2,28-11-2023,13:15:00,3836.5,3839.8501,3836.5,3839.1001,3325,1817025
EICHERMOT_F2,28-11-2023,13:16:00,3839.1001,3839.1001,3836.8999,3836.8999,2800,1817025
EICHERMOT_F2,28-11-2023,13:17:00,3838.1001,3838.1001,3838.0,3838.0,2100,1817025
EICHERMOT_F2,28-11-2023,13:18:00,3838.0,3838.8999,3838.0,3838.8999,2975,1824550
EICHERMOT_F2,28-11-2023,13:19:00,3837.05,3838.5,3837.05,3838.1001,3500,1824550
EICHERMOT_F2,28-11-2023,13:20:00,3837.5,3837.5,3837.05,3837.05,1925,1824550
EICHERMOT_F2,28-11-2023,13:21:00,3836.45,3838.1001,3835.55,3837.8,4550,1832425
EICHERMOT_F2,28-11-2023,13:22:00,3837.8,3837.8501,3837.25,3837.25,2100,1832425
EICHERMOT_F2,28-11-2023,13:23:00,3836.7,3836.8999,3835.8,3836.8999,2625,1832425
EICHERMOT_F2,28-11-2023,13:24:00,3836.8999,3837.1001,3836.8999,3837.1001,2975,1837675
EICHERMOT_F2,28-11-2023,13:25:00,3837.1001,3837.1001,3836.3501,3836.3501,3150,1837675
EICHERMOT_F2,28-11-2023,13:26:00,3837.6499,3837.6499,3835.0,3836.75,2800,1837675
EICHERMOT_F2,28-11-2023,13:27:00,3836.75,3836.75,3834.1499,3834.1499,2625,1843625
EICHERMOT_F2,28-11-2023,13:28:00,3835.25,3835.3,3834.1001,3835.3,2800,1843625
EICHERMOT_F2,28-11-2023,13:29:00,3835.3,3837.3999,3831.55,3837.3999,5600,1843625
EICHERMOT_F2,28-11-2023,13:30:00,3837.3999,3838.2,3835.0,3836.1001,3850,1849925
EICHERMOT_F2,28-11-2023,13:31:00,3836.1001,3836.45,3835.2,3836.05,2800,1849925
EICHERMOT_F2,28-11-2023,13:32:00,3836.05,3839.3999,3836.05,3836.95,3325,1849925
EICHERMOT_F2,28-11-2023,13:33:00,3836.95,3837.8999,3836.3,3837.8999,2975,1857625
EICHERMOT_F2,28-11-2023,13:34:00,3837.8999,3838.0,3837.8999,3838.0,2275,1857625
EICHERMOT_F2,28-11-2023,13:35:00,3838.0,3838.0,3836.1499,3837.3999,2975,1857625
EICHERMOT_F2,28-11-2023,13:36:00,3837.3999,3839.3501,3836.1001,3839.3501,2450,1864625
EICHERMOT_F2,28-11-2023,13:37:00,3839.3501,3839.3501,3837.3999,3839.3,3500,1864625
EICHERMOT_F2,28-11-2023,13:38:00,3839.3,3839.45,3838.1499,3839.45,3150,1864625
EICHERMOT_F2,28-11-2023,13:39:00,3839.45,3840.3501,3837.05,3840.05,3150,1870925
EICHERMOT_F2,28-11-2023,13:40:00,3840.3999,3841.0,3839.0,3840.7,3675,1870925
EICHERMOT_F2,28-11-2023,13:41:00,3840.7,3840.7,3838.7,3840.5,3675,1870925
EICHERMOT_F2,28-11-2023,13:42:00,3840.5,3840.6001,3840.5,3840.6001,2100,1878625
EICHERMOT_F2,28-11-2023,13:43:00,3840.6001,3841.0,3838.5,3841.0,4200,1878625
EICHERMOT_F2,28-11-2023,13:44:00,3841.45,3844.3501,3841.45,3844.2,3675,1878625
EICHERMOT_F2,28-11-2023,13:45:00,3844.2,3846.7,3844.2,3845.1001,4375,1885275
EICHERMOT_F2,28-11-2023,13:46:00,3845.1001,3845.8501,3841.8501,3841.8501,3850,1885275
EICHERMOT_F2,28-11-2023,13:47:00,3841.8501,3842.6001,3840.45,3840.55,2800,1885275
EICHERMOT_F2,28-11-2023,13:48:00,3840.55,3841.3,3840.5,3840.8501,3150,1890525
EICHERMOT_F2,28-11-2023,13:49:00,3840.8501,3841.0,3840.3999,3840.3999,2450,1890525
EICHERMOT_F2,28-11-2023,13:50:00,3840.3999,3840.3999,3839.0,3839.6499,3150,1890525
EICHERMOT_F2,28-11-2023,13:51:00,3839.3,3839.3,3836.1001,3837.95,4025,1894375
EICHERMOT_F2,28-11-2023,13:52:00,3837.95,3840.1001,3837.95,3839.1499,3150,1894375
EICHERMOT_F2,28-11-2023,13:53:00,3839.1499,3840.2,3838.95,3840.2,2625,1894375
EICHERMOT_F2,28-11-2023,13:54:00,3840.2,3840.2,3837.8501,3838.7,2975,1902600
EICHERMOT_F2,28-11-2023,13:55:00,3838.7,3840.5,3837.6499,3837.6499,3500,1902600
EICHERMOT_F2,28-11-2023,13:56:00,3839.05,3840.95,3837.3,3840.95,2800,1902600
EICHERMOT_F2,28-11-2023,13:57:00,3840.95,3840.95,3838.55,3838.55,2450,1908375
EICHERMOT_F2,28-11-2023,13:58:00,3838.55,3839.2,3835.5,3835.5,3850,1908375
EICHERMOT_F2,28-11-2023,13:59:00,3836.1001,3836.95,3835.1001,3836.7,4025,1908375
EICHERMOT_F2,28-11-2023,14:00:00,3836.7,3837.0,3836.05,3837.0,2800,1909950
EICHERMOT_F2,28-11-2023,14:01:00,3837.0,3839.55,3836.8501,3839.5,3675,1909950
EICHERMOT_F2,28-11-2023,14:02:00,3840.3999,3841.5,3840.1499,3841.5,2800,1909950
EICHERMOT_F2,28-11-2023,14:03:00,3841.5,3841.95,3841.0,3841.0,3150,1913800
EICHERMOT_F2,28-11-2023,14:04:00,3841.0,3842.0,3840.3999,3840.3999,2450,1913800
EICHERMOT_F2,28-11-2023,14:05:00,3840.3999,3842.25,3839.55,3842.25,2450,1913800
EICHERMOT_F2,28-11-2023,14:06:00,3842.25,3842.25,3840.3999,3841.3,3675,1918000
EICHERMOT_F2,28-11-2023,14:07:00,3841.3,3842.25,3841.3,3842.0,2275,1918000
EICHERMOT_F2,28-11-2023,14:08:00,3841.8999,3841.95,3840.6001,3841.95,2975,1918000
EICHERMOT_F2,28-11-2023,14:09:00,3840.8501,3842.6001,3840.75,3842.6001,3150,1923600
EICHERMOT_F2,28-11-2023,14:10:00,3842.6001,3842.6001,3841.2,3841.8999,2975,1923600
EICHERMOT_F2,28-11-2023,14:11:00,3841.8999,3843.95,3841.8999,3843.95,3325,1923600
EICHERMOT_F2,28-11-2023,14:12:00,3843.95,3846.3,3843.95,3845.05,3150,1927450
EICHERMOT_F2,28-11-2023,14:13:00,3845.05,3846.1499,3844.7,3844.7,3325,1927450
EICHERMOT_F2,28-11-2023,14:14:00,3845.05,3845.05,3844.6001,3844.6001,3500,1927450
EICHERMOT_F2,28-11-2023,14:15:00,3843.8,3845.5,3843.3999,3843.3999,3325,1935325
EICHERMOT_F2,28-11-2023,14:16:00,3843.3999,3844.95,3842.6499,3844.8,3325,1935325
EICHERMOT_F2,28-11-2023,14:17:00,3844.8,3844.8,3844.05,3844.05,2975,1935325
EICHERMOT_F2,28-11-2023,14:18:00,3844.8,3844.8999,3842.5,3842.5,3150,1940400
EICHERMOT_F2,28-11-2023,14:19:00,3842.5,3845.45,3842.5,3843.55,2975,1940400
EICHERMOT_F2,28-11-2023,14:20:00,3844.95,3845.8,3843.7,3845.1499,4550,1940400
EICHERMOT_F2,28-11-2023,14:21:00,3845.1499,3846.8,3844.5,3845.8501,4200,1943025
EICHERMOT_F2,28-11-2023,14:22:00,3847.0,3848.05,3846.75,3847.0,3675,1943025
EICHERMOT_F2,28-11-2023,14:23:00,3847.0,3848.3,3846.8999,3846.8999,4025,1943025
EICHERMOT_F2,28-11-2023,14:24:00,3846.8999,3848.3,3846.8999,3848.3,3850,1951950
EICHERMOT_F2,28-11-2023,14:25:00,3847.7,3849.0,3847.7,3848.25,6300,1951950
EICHERMOT_F2,28-11-2023,14:26:00,3846.8,3847.8501,3845.0,3847.8501,3325,1951950
EICHERMOT_F2,28-11-2023,14:27:00,3847.8501,3849.05,3845.75,3848.6499,4725,1962100
EICHERMOT_F2,28-11-2023,14:28:00,3848.6499,3849.5,3845.8999,3847.25,2800,1962100
EICHERMOT_F2,28-11-2023,14:29:00,3847.25,3849.3501,3845.3,3849.3501,5425,1962100
EICHERMOT_F2,28-11-2023,14:30:00,3849.3501,3849.75,3848.1001,3848.1001,3675,1969100
EICHERMOT_F2,28-11-2023,14:31:00,3850.0,3850.0,3847.05,3847.8501,5075,1969100
EICHERMOT_F2,28-11-2023,14:32:00,3848.5,3848.6499,3847.0,3848.2,4375,1969100
EICHERMOT_F2,28-11-2023,14:33:00,3847.8,3848.6499,3846.6499,3848.3999,8050,1976800
EICHERMOT_F2,28-11-2023,14:34:00,3849.0,3854.3999,3849.0,3853.6001,8225,1976800
EICHERMOT_F2,28-11-2023,14:35:00,3853.5,3854.45,3852.95,3853.0,3325,1976800
EICHERMOT_F2,28-11-2023,14:36:00,3853.0,3853.3999,3852.8501,3853.3999,3500,1992725
EICHERMOT_F2,28-11-2023,14:37:00,3853.3999,3854.5,3853.05,3854.5,3850,1992725
EICHERMOT_F2,28-11-2023,14:38:00,3854.6001,3854.6001,3852.75,3852.75,3850,1992725
EICHERMOT_F2,28-11-2023,14:39:00,3852.8,3853.7,3848.5,3850.3,10850,1999725
EICHERMOT_F2,28-11-2023,14:40:00,3850.3999,3850.3999,3847.05,3847.05,2800,1999725
EICHERMOT_F2,28-11-2023,14:41:00,3847.05,3848.6001,3843.6499,3845.8,10675,1999725
EICHERMOT_F2,28-11-2023,14:42:00,3844.2,3846.0,3844.2,3845.55,3675,2012150
EICHERMOT_F2,28-11-2023,14:43:00,3844.0,3846.6499,3843.0,3843.0,9275,2012150
EICHERMOT_F2,28-11-2023,14:44:00,3843.0,3843.8999,3843.0,3843.1001,2275,2012150
EICHERMOT_F2,28-11-2023,14:45:00,3843.1001,3847.1001,3843.1001,3844.95,3325,2020550
EICHERMOT_F2,28-11-2023,14:46:00,3845.3,3845.3,3842.2,3842.2,3500,2020550
EICHERMOT_F2,28-11-2023,14:47:00,3843.45,3845.75,3843.3501,3843.95,3325,2020550
EICHERMOT_F2,28-11-2023,14:48:00,3842.95,3845.05,3842.55,3844.8,4900,2025800
EICHERMOT_F2,28-11-2023,14:49:00,3844.8,3847.2,3844.6001,3844.6499,3325,2025800
EICHERMOT_F2,28-11-2023,14:50:00,3844.6499,3845.8999,3843.45,3845.8999,3325,2025800
EICHERMOT_F2,28-11-2023,14:51:00,3845.75,3846.1499,3843.05,3846.1499,3500,2034200
EICHERMOT_F2,28-11-2023,14:52:00,3843.3501,3844.6001,3843.3501,3844.45,3150,2034200
EICHERMOT_F2,28-11-2023,14:53:00,3844.45,3845.3999,3842.3999,3843.1001,3500,2034200
EICHERMOT_F2,28-11-2023,14:54:00,3842.05,3843.95,3842.05,3843.95,4200,2042775
EICHERMOT_F2,28-11-2023,14:55:00,3843.95,3845.3501,3842.1499,3845.3501,3850,2042775
EICHERMOT_F2,28-11-2023,14:56:00,3843.45,3846.3999,3843.25,3846.3999,3675,2042775
EICHERMOT_F2,28-11-2023,14:57:00,3846.3999,3848.3501,3846.2,3846.2,2975,2051525
EICHERMOT_F2,28-11-2023,14:58:00,3845.25,3846.95,3843.7,3846.6001,8400,2051525
EICHERMOT_F2,28-11-2023,14:59:00,3847.0,3847.45,3845.0,3845.0,4025,2051525
EICHERMOT_F2,28-11-2023,15:00:00,3845.1001,3847.6001,3843.8999,3847.6001,3675,2060275
EICHERMOT_F2,28-11-2023,15:01:00,3847.6001,3847.6001,3846.45,3846.8501,3500,2060275
EICHERMOT_F2,28-11-2023,15:02:00,3846.8501,3848.1499,3846.3501,3847.3,2275,2060275
EICHERMOT_F2,28-11-2023,15:03:00,3847.3,3848.1001,3847.3,3847.3999,3500,2065875
EICHERMOT_F2,28-11-2023,15:04:00,3846.95,3848.8501,3846.95,3848.8501,4725,2065875
EICHERMOT_F2,28-11-2023,15:05:00,3848.55,3850.8,3848.55,3850.8,4550,2065875
EICHERMOT_F2,28-11-2023,15:06:00,3849.6499,3850.0,3847.3999,3850.0,5600,2072525
EICHERMOT_F2,28-11-2023,15:07:00,3850.0,3850.0,3847.6001,3847.6001,4025,2072525
EICHERMOT_F2,28-11-2023,15:08:00,3848.0,3848.0,3847.7,3847.7,4900,2072525
EICHERMOT_F2,28-11-2023,15:09:00,3848.6001,3849.0,3848.0,3848.05,5950,2083900
EICHERMOT_F2,28-11-2023,15:10:00,3848.8999,3849.6001,3847.95,3847.95,12950,2083900
EICHERMOT_F2,28-11-2023,15:11:00,3847.95,3851.5,3847.95,3851.5,8050,2083900
EICHERMOT_F2,28-11-2023,15:12:00,3852.3501,3852.8,3852.3,3852.3,4200,2102625
EICHERMOT_F2,28-11-2023,15:13:00,3851.8999,3855.6001,3851.8999,3855.6001,5075,2102625
EICHERMOT_F2,28-11-2023,15:14:00,3855.6001,3856.6001,3853.3,3854.55,5425,2102625
EICHERMOT_F2,28-11-2023,15:15:00,3854.55,3854.95,3853.6499,3854.8501,2100,2109275
EICHERMOT_F2,28-11-2023,15:16:00,3854.8501,3856.25,3854.3999,3854.95,2100,2109275
EICHERMOT_F2,28-11-2023,15:17:00,3856.1001,3856.75,3855.95,3856.75,2975,2109275
EICHERMOT_F2,28-11-2023,15:18:00,3856.75,3861.05,3856.1499,3861.05,5950,2116275
EICHERMOT_F2,28-11-2023,15:19:00,3861.05,3861.05,3857.7,3860.2,4200,2116275
EICHERMOT_F2,28-11-2023,15:20:00,3858.1499,3860.0,3858.1499,3860.0,1750,2116275
EICHERMOT_F2,28-11-2023,15:21:00,3860.0,3861.45,3859.05,3861.45,2800,2121000
EICHERMOT_F2,28-11-2023,15:22:00,3861.45,3863.05,3861.45,3862.8999,5250,2121000
EICHERMOT_F2,28-11-2023,15:23:00,3862.8999,3863.3501,3862.1001,3862.1001,1575,2121000
EICHERMOT_F2,28-11-2023,15:24:00,3862.8,3862.8999,3862.8,3862.8999,1925,2126775
EICHERMOT_F2,28-11-2023,15:25:00,3862.95,3863.75,3862.75,3862.75,3850,2126775
EICHERMOT_F2,28-11-2023,15:26:00,3863.5,3863.6001,3863.5,3863.6001,875,2126775
EICHERMOT_F2,28-11-2023,15:27:00,3862.3501,3865.6001,3861.8,3865.6001,5250,2128875
EICHERMOT_F2,28-11-2023,15:28:00,3863.8,3866.1001,3862.3501,3863.5,3500,2128875
EICHERMOT_F2,28-11-2023,15:29:00,3864.95,3866.95,3855.8501,3855.8501,4025,2128875
EICHERMOT_F2,29-11-2023,09:15:00,3855.8501,3870.3501,3853.8999,3867.2,2975,2060975
EICHERMOT_F2,29-11-2023,09:16:00,3867.1499,3875.6001,3867.0,3874.0,3675,2060975
EICHERMOT_F2,29-11-2023,09:17:00,3874.45,3874.45,3868.0,3868.0,4900,2064125
EICHERMOT_F2,29-11-2023,09:18:00,3868.55,3868.55,3857.0,3862.45,5600,2064125
EICHERMOT_F2,29-11-2023,09:19:00,3859.3999,3863.7,3859.0,3861.25,5775,2064125
EICHERMOT_F2,29-11-2023,09:20:00,3861.25,3864.6499,3861.25,3864.05,7525,2065875
EICHERMOT_F2,29-11-2023,09:21:00,3860.5,3862.75,3860.5,3862.75,875,2065875
EICHERMOT_F2,29-11-2023,09:22:00,3866.1001,3867.1499,3862.6499,3866.45,2625,2065875
EICHERMOT_F2,29-11-2023,09:23:00,3868.1499,3869.45,3867.8999,3867.8999,875,2073400
EICHERMOT_F2,29-11-2023,09:24:00,3867.8999,3869.6001,3865.8999,3868.0,1225,2073400
EICHERMOT_F2,29-11-2023,09:25:00,3870.0,3873.3999,3870.0,3873.3999,4200,2073400
EICHERMOT_F2,29-11-2023,09:26:00,3873.6001,3873.6001,3869.3,3869.3,1575,2073400
EICHERMOT_F2,29-11-2023,09:27:00,3870.8,3870.95,3868.0,3870.8,2275,2077075
EICHERMOT_F2,29-11-2023,09:29:00,3869.3501,3869.3501,3869.3501,3869.3501,700,2077075
EICHERMOT_F2,29-11-2023,09:30:00,3869.8,3869.8,3867.3999,3867.3999,1050,2078475
EICHERMOT_F2,29-11-2023,09:31:00,3866.45,3866.45,3864.05,3865.95,2275,2078475
EICHERMOT_F2,29-11-2023,09:32:00,3864.6001,3867.5,3864.6001,3866.6001,2800,2080925
EICHERMOT_F2,29-11-2023,09:33:00,3866.6001,3866.6001,3864.6499,3865.45,1400,2080925
EICHERMOT_F2,29-11-2023,09:34:00,3867.3,3869.75,3867.3,3869.75,2450,2080925
EICHERMOT_F2,29-11-2023,09:35:00,3869.6001,3870.8501,3869.6001,3870.8501,1750,2083375
EICHERMOT_F2,29-11-2023,09:36:00,3871.6001,3874.0,3871.6001,3874.0,1925,2083375
EICHERMOT_F2,29-11-2023,09:37:00,3873.8501,3874.95,3872.55,3874.95,1750,2083375
EICHERMOT_F2,29-11-2023,09:38:00,3874.6001,3874.95,3872.0,3872.0,5775,2083375
EICHERMOT_F2,29-11-2023,09:39:00,3873.7,3874.6001,3871.45,3874.6001,2450,2091950
EICHERMOT_F2,29-11-2023,09:40:00,3874.3501,3874.3501,3866.45,3867.7,11375,2091950
EICHERMOT_F2,29-11-2023,09:41:00,3867.6001,3873.05,3867.6001,3873.05,3150,2105600
EICHERMOT_F2,29-11-2023,09:42:00,3873.05,3874.0,3872.6001,3874.0,1400,2105600
EICHERMOT_F2,29-11-2023,09:43:00,3874.0,3874.8999,3874.0,3874.8,1575,2105600
EICHERMOT_F2,29-11-2023,09:44:00,3874.8,3875.0,3873.1001,3873.1001,1400,2105600
EICHERMOT_F2,29-11-2023,09:45:00,3873.1001,3873.1001,3871.3999,3872.75,2625,2109100
EICHERMOT_F2,29-11-2023,09:46:00,3872.75,3873.6499,3870.0,3870.95,3675,2109100
EICHERMOT_F2,29-11-2023,09:47:00,3871.1499,3871.95,3870.8999,3871.95,2975,2113300
EICHERMOT_F2,29-11-2023,09:48:00,3874.8999,3874.8999,3870.3501,3870.3501,2800,2113300
EICHERMOT_F2,29-11-2023,09:49:00,3872.6499,3873.1001,3866.6499,3866.6499,9100,2113300
EICHERMOT_F2,29-11-2023,09:50:00,3869.25,3869.25,3867.0,3868.25,3150,2113300
EICHERMOT_F2,29-11-2023,09:51:00,3866.2,3869.7,3866.2,3866.45,6300,2121000
EICHERMOT_F2,29-11-2023,09:52:00,3869.45,3869.45,3863.1499,3863.1499,33950,2121000
EICHERMOT_F2,29-11-2023,09:53:00,3863.55,3864.1001,3861.0,3861.0,3500,2154425
EICHERMOT_F2,29-11-2023,09:54:00,3861.1499,3864.95,3861.1499,3863.0,5775,2154425
EICHERMOT_F2,29-11-2023,09:55:00,3860.0,3864.3999,3860.0,3864.0,3500,2154425
EICHERMOT_F2,29-11-2023,09:56:00,3864.0,3865.3501,3864.0,3864.95,14525,2165450
EICHERMOT_F2,29-11-2023,09:57:00,3865.0,3866.3501,3862.55,3865.0,6125,2165450
EICHERMOT_F2,29-11-2023,09:58:00,3865.0,3866.0,3863.6001,3866.0,7525,2165450
EICHERMOT_F2,29-11-2023,09:59:00,3866.0,3867.3999,3866.0,3867.3999,5425,2174725
EICHERMOT_F2,29-11-2023,10:00:00,3867.7,3869.0,3863.6001,3863.6001,5600,2174725
EICHERMOT_F2,29-11-2023,10:01:00,3865.45,3867.75,3863.7,3866.8501,3150,2174725
EICHERMOT_F2,29-11-2023,10:02:00,3862.95,3865.55,3862.45,3862.45,2975,2174200
EICHERMOT_F2,29-11-2023,10:03:00,3864.1499,3864.1499,3861.2,3861.2,1575,2174200
EICHERMOT_F2,29-11-2023,10:04:00,3861.2,3868.2,3861.2,3867.5,4900,2174200
EICHERMOT_F2,29-11-2023,10:05:00,3867.5,3874.6001,3867.5,3874.6001,3500,2179975
EICHERMOT_F2,29-11-2023,10:06:00,3874.6001,3875.0,3873.05,3873.3501,8575,2179975
EICHERMOT_F2,29-11-2023,10:07:00,3873.0,3874.55,3873.0,3874.55,1050,2179975
EICHERMOT_F2,29-11-2023,10:08:00,3872.95,3876.3501,3872.95,3876.3501,2625,2188025
EICHERMOT_F2,29-11-2023,10:09:00,3877.1001,3877.95,3876.3999,3876.55,2975,2188025
EICHERMOT_F2,29-11-2023,10:10:00,3876.8501,3877.55,3874.3,3877.55,3150,2188025
EICHERMOT_F2,29-11-2023,10:11:00,3875.1499,3877.0,3875.1499,3876.95,2625,2193275
EICHERMOT_F2,29-11-2023,10:12:00,3876.95,3877.05,3871.45,3874.6499,7875,2193275
EICHERMOT_F2,29-11-2023,10:13:00,3874.6499,3876.0,3874.1499,3875.25,32375,2193275
EICHERMOT_F2,29-11-2023,10:14:00,3874.6001,3876.45,3872.8999,3872.8999,1575,2229850
EICHERMOT_F2,29-11-2023,10:15:00,3875.6499,3875.6499,3872.8,3874.0,2625,2229850
EICHERMOT_F2,29-11-2023,10:16:00,3874.75,3876.05,3873.1499,3876.05,700,2229850
EICHERMOT_F2,29-11-2023,10:17:00,3875.0,3876.75,3872.8501,3876.75,2100,2233875
EICHERMOT_F2,29-11-2023,10:18:00,3876.75,3876.75,3875.0,3875.0,1750,2233875
EICHERMOT_F2,29-11-2023,10:19:00,3875.0,3876.45,3875.0,3876.45,1400,2233875
EICHERMOT_F2,29-11-2023,10:20:00,3876.45,3876.5,3876.0,3876.5,1575,2233875
EICHERMOT_F2,29-11-2023,10:21:00,3876.5,3876.5,3874.5,3874.5,2275,2237375
EICHERMOT_F2,29-11-2023,10:22:00,3874.5,3876.95,3874.3501,3876.8999,1225,2237375
EICHERMOT_F2,29-11-2023,10:23:00,3876.8501,3876.8501,3873.0,3873.0,2625,2241050
EICHERMOT_F2,29-11-2023,10:24:00,3873.0,3874.5,3873.0,3874.5,875,2241050
EICHERMOT_F2,29-11-2023,10:25:00,3874.5,3874.5,3870.8501,3871.55,1400,2241050
EICHERMOT_F2,29-11-2023,10:26:00,3872.1001,3872.8999,3872.05,3872.8501,2450,2241050
EICHERMOT_F2,29-11-2023,10:27:00,3872.6001,3872.6001,3871.8999,3872.0,1750,2245600
EICHERMOT_F2,29-11-2023,10:28:00,3872.0,3874.0,3872.0,3873.8,3500,2245600
EICHERMOT_F2,29-11-2023,10:29:00,3873.8,3875.5,3873.8,3875.5,875,2249100
EICHERMOT_F2,29-11-2023,10:30:00,3872.7,3873.8999,3872.7,3873.8999,2100,2249100
EICHERMOT_F2,29-11-2023,10:31:00,3873.8999,3873.8999,3872.7,3873.05,875,2249100
EICHERMOT_F2,29-11-2023,10:32:00,3872.2,3873.6499,3872.2,3872.25,1575,2249100
EICHERMOT_F2,29-11-2023,10:33:00,3872.25,3873.45,3872.25,3872.25,1925,2252075
EICHERMOT_F2,29-11-2023,10:34:00,3872.2,3872.2,3869.7,3869.7,1925,2252075
EICHERMOT_F2,29-11-2023,10:35:00,3869.0,3869.0,3868.3,3868.3,525,2252075
EICHERMOT_F2,29-11-2023,10:36:00,3868.45,3868.8999,3865.3999,3865.3999,2275,2254700
EICHERMOT_F2,29-11-2023,10:37:00,3865.3999,3866.8999,3865.3999,3865.95,1575,2254700
EICHERMOT_F2,29-11-2023,10:38:00,3866.5,3870.1499,3866.5,3868.6499,1925,2258375
EICHERMOT_F2,29-11-2023,10:39:00,3869.7,3871.6499,3869.7,3870.8501,6125,2258375
EICHERMOT_F2,29-11-2023,10:40:00,3870.8999,3871.0,3870.8999,3871.0,1050,2258375
EICHERMOT_F2,29-11-2023,10:41:00,3870.55,3870.55,3868.95,3868.95,875,2259775
EICHERMOT_F2,29-11-2023,10:42:00,3869.45,3869.7,3866.95,3866.95,1575,2259775
EICHERMOT_F2,29-11-2023,10:43:00,3866.95,3870.75,3866.95,3870.75,2275,2259775
EICHERMOT_F2,29-11-2023,10:44:00,3870.75,3871.8,3870.5,3871.8,1575,2263800
EICHERMOT_F2,29-11-2023,10:45:00,3872.3501,3872.3501,3868.8501,3868.8501,1925,2263800
EICHERMOT_F2,29-11-2023,10:46:00,3867.05,3868.45,3866.3501,3866.3501,2100,2263800
EICHERMOT_F2,29-11-2023,10:47:00,3866.25,3867.55,3866.25,3867.55,2275,2269575
EICHERMOT_F2,29-11-2023,10:48:00,3865.8501,3869.6001,3865.3999,3867.95,2100,2269575
EICHERMOT_F2,29-11-2023,10:49:00,3869.5,3870.45,3866.95,3867.5,6650,2269575
EICHERMOT_F2,29-11-2023,10:50:00,3867.5,3868.95,3866.7,3867.0,1925,2277275
EICHERMOT_F2,29-11-2023,10:51:00,3869.3501,3870.7,3868.0,3869.75,3500,2277275
EICHERMOT_F2,29-11-2023,10:52:00,3869.75,3873.3,3869.0,3869.95,5950,2277275
EICHERMOT_F2,29-11-2023,10:53:00,3870.0,3872.1499,3866.95,3872.1499,5775,2286200
EICHERMOT_F2,29-11-2023,10:54:00,3872.1499,3872.55,3871.25,3872.0,1050,2286200
EICHERMOT_F2,29-11-2023,10:55:00,3871.1001,3871.1001,3868.7,3868.7,1750,2286200
EICHERMOT_F2,29-11-2023,10:56:00,3867.6499,3868.0,3860.0,3860.0,2450,2286200
EICHERMOT_F2,29-11-2023,10:57:00,3861.2,3861.2,3857.75,3857.75,1925,2289700
EICHERMOT_F2,29-11-2023,10:58:00,3857.75,3860.8501,3857.75,3860.8501,2100,2289700
EICHERMOT_F2,29-11-2023,10:59:00,3860.5,3864.25,3860.5,3862.3,4200,2289700
EICHERMOT_F2,29-11-2023,11:00:00,3862.3999,3862.3999,3859.8,3859.8,2800,2292850
EICHERMOT_F2,29-11-2023,11:01:00,3860.0,3860.0,3859.05,3860.0,2975,2292850
EICHERMOT_F2,29-11-2023,11:02:00,3860.0,3860.0,3859.25,3860.0,7175,2299500
EICHERMOT_F2,29-11-2023,11:03:00,3860.0,3860.0,3859.25,3859.25,1925,2299500
EICHERMOT_F2,29-11-2023,11:04:00,3857.0,3857.95,3857.0,3857.05,4200,2299500
EICHERMOT_F2,29-11-2023,11:05:00,3857.05,3857.8,3855.3501,3855.3501,3850,2303525
EICHERMOT_F2,29-11-2023,11:06:00,3855.3501,3856.1001,3853.3501,3855.05,3675,2303525
EICHERMOT_F2,29-11-2023,11:07:00,3856.3501,3856.5,3850.8501,3852.95,6650,2303525
EICHERMOT_F2,29-11-2023,11:08:00,3852.95,3853.95,3851.5,3852.0,4900,2309650
EICHERMOT_F2,29-11-2023,11:09:00,3853.8,3855.8501,3853.7,3854.7,5600,2309650
EICHERMOT_F2,29-11-2023,11:10:00,3854.7,3855.7,3854.3,3855.3,1400,2309650
EICHERMOT_F2,29-11-2023,11:11:00,3855.8501,3855.8501,3854.0,3854.3999,1925,2309650
EICHERMOT_F2,29-11-2023,11:12:00,3855.5,3855.6001,3854.1499,3855.6001,5075,2315425
EICHERMOT_F2,29-11-2023,11:13:00,3856.95,3856.95,3856.5,3856.7,2100,2315425
EICHERMOT_F2,29-11-2023,11:14:00,3857.0,3860.95,3857.0,3860.1499,3325,2317350
EICHERMOT_F2,29-11-2023,11:15:00,3860.8999,3860.8999,3858.7,3860.8501,4725,2317350
EICHERMOT_F2,29-11-2023,11:16:00,3860.8501,3861.3501,3858.6001,3861.3501,2975,2317350
EICHERMOT_F2,29-11-2023,11:17:00,3859.5,3862.0,3858.3501,3858.8501,1925,2322425
EICHERMOT_F2,29-11-2023,11:18:00,3860.6499,3860.7,3858.45,3860.55,3325,2322425
EICHERMOT_F2,29-11-2023,11:19:00,3860.55,3863.1499,3860.55,3861.75,2800,2322425
EICHERMOT_F2,29-11-2023,11:20:00,3862.3501,3862.3501,3862.1499,3862.3501,1575,2322425
EICHERMOT_F2,29-11-2023,11:21:00,3862.3501,3863.3999,3862.3501,3863.3999,1225,2325750
EICHERMOT_F2,29-11-2023,11:22:00,3863.3999,3864.8501,3859.0,3859.0,3325,2325750
EICHERMOT_F2,29-11-2023,11:23:00,3860.0,3860.3,3858.05,3858.05,525,2328025
EICHERMOT_F2,29-11-2023,11:24:00,3858.6499,3860.3501,3858.55,3860.3501,1750,2328025
EICHERMOT_F2,29-11-2023,11:25:00,3859.2,3859.2,3857.45,3857.45,1575,2328025
EICHERMOT_F2,29-11-2023,11:26:00,3857.45,3858.05,3857.3,3858.05,4900,2329600
EICHERMOT_F2,29-11-2023,11:27:00,3858.05,3858.05,3855.6499,3855.6499,1925,2329600
EICHERMOT_F2,29-11-2023,11:28:00,3856.2,3858.1499,3854.6001,3857.0,5250,2329600
EICHERMOT_F2,29-11-2023,11:29:00,3857.0,3858.8,3857.0,3858.2,1575,2329600
EICHERMOT_F2,29-11-2023,11:30:00,3858.2,3860.0,3858.2,3860.0,2975,2333450
EICHERMOT_F2,29-11-2023,11:31:00,3860.0,3860.0,3855.2,3855.95,1225,2333450
EICHERMOT_F2,29-11-2023,11:32:00,3855.95,3857.1499,3855.3501,3857.1499,1750,2335375
EICHERMOT_F2,29-11-2023,11:33:00,3857.1499,3858.3,3857.1499,3858.3,1050,2335375
EICHERMOT_F2,29-11-2023,11:34:00,3858.3,3858.5,3858.3,3858.5,1050,2335375
EICHERMOT_F2,29-11-2023,11:35:00,3857.5,3858.7,3857.5,3858.05,2625,2335375
EICHERMOT_F2,29-11-2023,11:36:00,3858.05,3858.3,3857.3999,3857.3999,1575,2337125
EICHERMOT_F2,29-11-2023,11:37:00,3857.3999,3858.6001,3857.0,3858.6001,1925,2337125
EICHERMOT_F2,29-11-2023,11:38:00,3858.6001,3858.6001,3857.55,3857.55,1225,2337125
EICHERMOT_F2,29-11-2023,11:39:00,3857.1001,3857.1001,3856.0,3856.0,1400,2339750
EICHERMOT_F2,29-11-2023,11:40:00,3855.75,3855.75,3854.75,3854.75,1225,2339750
EICHERMOT_F2,29-11-2023,11:41:00,3855.25,3859.8501,3854.7,3859.8501,3150,2339750
EICHERMOT_F2,29-11-2023,11:42:00,3857.75,3858.8999,3857.75,3858.8999,1225,2342900
EICHERMOT_F2,29-11-2023,11:43:00,3858.8999,3859.45,3856.05,3856.05,6825,2342900
EICHERMOT_F2,29-11-2023,11:44:00,3858.1499,3858.1499,3855.5,3855.5,1575,2346050
EICHERMOT_F2,29-11-2023,11:45:00,3855.5,3856.3,3855.5,3856.3,1400,2346050
EICHERMOT_F2,29-11-2023,11:46:00,3856.3,3856.75,3856.3,3856.55,2450,2346050
EICHERMOT_F2,29-11-2023,11:47:00,3856.55,3856.55,3856.55,3856.55,350,2346050
EICHERMOT_F2,29-11-2023,11:48:00,3857.0,3857.0,3856.45,3856.45,1575,2349550
EICHERMOT_F2,29-11-2023,11:49:00,3856.5,3856.5,3855.7,3855.7,9800,2349550
EICHERMOT_F2,29-11-2023,11:50:00,3856.7,3856.7,3854.5,3854.5,2100,2349550
EICHERMOT_F2,29-11-2023,11:51:00,3855.45,3855.45,3854.3999,3854.3999,875,2360050
EICHERMOT_F2,29-11-2023,11:52:00,3854.3999,3854.45,3852.0,3852.05,2100,2360050
EICHERMOT_F2,29-11-2023,11:53:00,3851.45,3851.45,3849.1499,3850.2,2450,2360050
EICHERMOT_F2,29-11-2023,11:54:00,3850.0,3850.0,3850.0,3850.0,1225,2363375
EICHERMOT_F2,29-11-2023,11:55:00,3850.6499,3850.6499,3849.0,3849.3999,1225,2363375
EICHERMOT_F2,29-11-2023,11:56:00,3849.3999,3849.7,3847.1001,3847.1001,1400,2363375
EICHERMOT_F2,29-11-2023,11:57:00,3847.7,3850.0,3847.0,3850.0,1400,2365825
EICHERMOT_F2,29-11-2023,11:58:00,3851.0,3851.5,3848.0,3848.0,1575,2365825
EICHERMOT_F2,29-11-2023,11:59:00,3848.0,3850.0,3848.0,3850.0,1750,2365825
EICHERMOT_F2,29-11-2023,12:00:00,3850.3501,3853.0,3850.3,3852.0,9100,2369500
EICHERMOT_F2,29-11-2023,12:01:00,3852.1499,3852.1499,3851.6499,3851.6499,875,2369500
EICHERMOT_F2,29-11-2023,12:02:00,3851.3999,3851.3999,3843.0,3844.3,11375,2369500
EICHERMOT_F2,29-11-2023,12:03:00,3843.3,3844.6499,3840.3501,3842.1499,6300,2383150
EICHERMOT_F2,29-11-2023,12:04:00,3842.75,3845.25,3842.3,3845.25,1750,2383150
EICHERMOT_F2,29-11-2023,12:05:00,3845.8999,3849.8999,3845.8999,3849.0,7700,2383150
EICHERMOT_F2,29-11-2023,12:06:00,3849.0,3849.8999,3848.5,3848.5,1750,2389450
EICHERMOT_F2,29-11-2023,12:07:00,3848.5,3849.8999,3848.5,3849.25,1050,2389450
EICHERMOT_F2,29-11-2023,12:08:00,3849.25,3850.0,3849.25,3850.0,525,2389450
EICHERMOT_F2,29-11-2023,12:09:00,3848.8999,3849.45,3848.8999,3849.45,1225,2390500
EICHERMOT_F2,29-11-2023,12:10:00,3850.0,3850.0,3850.0,3850.0,700,2390500
EICHERMOT_F2,29-11-2023,12:11:00,3850.1001,3850.55,3850.1001,3850.55,2975,2390500
EICHERMOT_F2,29-11-2023,12:12:00,3852.05,3852.05,3851.3999,3851.3999,1750,2394000
EICHERMOT_F2,29-11-2023,12:13:00,3852.0,3852.05,3851.3999,3851.45,3500,2394000
EICHERMOT_F2,29-11-2023,12:14:00,3852.1001,3854.2,3852.1001,3854.2,2800,2394000
EICHERMOT_F2,29-11-2023,12:15:00,3852.8,3852.8999,3851.5,3852.8999,3500,2398025
EICHERMOT_F2,29-11-2023,12:16:00,3852.3999,3853.2,3850.75,3852.7,4725,2398025
EICHERMOT_F2,29-11-2023,12:17:00,3852.2,3852.2,3850.75,3851.1499,2625,2398025
EICHERMOT_F2,29-11-2023,12:18:00,3851.1499,3852.25,3850.8,3850.8,2275,2404850
EICHERMOT_F2,29-11-2023,12:19:00,3851.6001,3851.95,3850.6499,3850.6499,2100,2404850
EICHERMOT_F2,29-11-2023,12:20:00,3851.8999,3851.8999,3851.3999,3851.5,1575,2404850
EICHERMOT_F2,29-11-2023,12:21:00,3851.5,3852.0,3851.5,3851.5,3500,2409400
EICHERMOT_F2,29-11-2023,12:22:00,3852.1499,3853.45,3851.95,3852.6499,1750,2409400
EICHERMOT_F2,29-11-2023,12:23:00,3854.6001,3854.6001,3852.3999,3854.1499,1575,2409400
EICHERMOT_F2,29-11-2023,12:24:00,3853.7,3854.5,3852.8999,3852.8999,1225,2414825
EICHERMOT_F2,29-11-2023,12:25:00,3852.8999,3853.5,3852.8999,3853.05,1575,2414825
EICHERMOT_F2,29-11-2023,12:26:00,3853.1001,3853.55,3851.1001,3851.7,3500,2414825
EICHERMOT_F2,29-11-2023,12:27:00,3851.3,3853.6001,3851.3,3852.5,1400,2418675
EICHERMOT_F2,29-11-2023,12:28:00,3852.5,3853.5,3852.2,3853.0,1575,2418675
EICHERMOT_F2,29-11-2023,12:29:00,3851.6499,3852.1001,3850.2,3850.6499,2275,2418675
EICHERMOT_F2,29-11-2023,12:30:00,3852.3,3853.2,3851.75,3853.2,1925,2423400
EICHERMOT_F2,29-11-2023,12:31:00,3853.25,3853.25,3851.95,3852.95,1050,2423400
EICHERMOT_F2,29-11-2023,12:32:00,3851.6499,3853.8,3850.6001,3853.8,3325,2423400
EICHERMOT_F2,29-11-2023,12:33:00,3853.05,3854.5,3851.7,3852.75,5600,2427950
EICHERMOT_F2,29-11-2023,12:34:00,3852.75,3852.75,3851.55,3852.3501,4375,2427950
EICHERMOT_F2,29-11-2023,12:35:00,3852.3501,3852.3501,3851.8999,3851.8999,700,2427950
EICHERMOT_F2,29-11-2023,12:36:00,3850.05,3850.8999,3849.45,3850.6001,3675,2434775
EICHERMOT_F2,29-11-2023,12:37:00,3850.0,3850.0,3847.75,3847.75,7175,2434775
EICHERMOT_F2,29-11-2023,12:38:00,3848.8501,3848.8501,3846.5,3846.5,1750,2434775
EICHERMOT_F2,29-11-2023,12:39:00,3846.7,3848.8999,3841.05,3842.6001,6650,2444575
EICHERMOT_F2,29-11-2023,12:40:00,3842.6001,3843.1499,3840.6001,3843.1499,8925,2444575
EICHERMOT_F2,29-11-2023,12:41:00,3841.25,3841.25,3838.3999,3838.8999,7875,2444575
EICHERMOT_F2,29-11-2023,12:42:00,3839.6001,3844.5,3838.5,3841.7,5950,2453500
EICHERMOT_F2,29-11-2023,12:43:00,3842.05,3843.8501,3841.3501,3843.8501,1750,2453500
EICHERMOT_F2,29-11-2023,12:44:00,3843.8501,3843.8501,3834.1001,3837.7,18375,2453500
EICHERMOT_F2,29-11-2023,12:45:00,3837.7,3839.3501,3837.7,3839.3501,1575,2468200
EICHERMOT_F2,29-11-2023,12:46:00,3840.05,3844.05,3840.05,3841.0,6125,2468200
EICHERMOT_F2,29-11-2023,12:47:00,3840.6499,3843.75,3840.1001,3842.8501,2275,2468200
EICHERMOT_F2,29-11-2023,12:48:00,3842.3501,3843.5,3839.5,3843.5,6475,2473800
EICHERMOT_F2,29-11-2023,12:49:00,3843.1001,3847.2,3842.3501,3844.3999,14700,2473800
EICHERMOT_F2,29-11-2023,12:50:00,3844.3999,3846.25,3842.95,3845.3,4900,2473800
EICHERMOT_F2,29-11-2023,12:51:00,3845.3,3845.3,3842.5,3842.5,1750,2489900
EICHERMOT_F2,29-11-2023,12:52:00,3842.5,3843.45,3841.0,3842.95,3150,2489900
EICHERMOT_F2,29-11-2023,12:53:00,3842.25,3843.6001,3842.0,3843.3501,2450,2489900
EICHERMOT_F2,29-11-2023,12:54:00,3844.7,3844.7,3843.05,3843.05,1225,2493050
EICHERMOT_F2,29-11-2023,12:55:00,3843.05,3844.55,3842.6001,3844.55,1750,2493050
EICHERMOT_F2,29-11-2023,12:56:00,3843.6001,3843.7,3843.6001,3843.7,350,2493050
EICHERMOT_F2,29-11-2023,12:57:00,3840.0,3840.8999,3838.2,3838.7,9625,2496725
EICHERMOT_F2,29-11-2023,12:58:00,3839.05,3841.3,3838.75,3838.75,1400,2496725
EICHERMOT_F2,29-11-2023,12:59:00,3838.75,3840.3,3838.7,3838.7,1925,2496725
EICHERMOT_F2,29-11-2023,13:00:00,3838.7,3839.6499,3837.95,3839.6499,3150,2497950
EICHERMOT_F2,29-11-2023,13:01:00,3839.6499,3839.6499,3838.6499,3838.6499,1050,2497950
EICHERMOT_F2,29-11-2023,13:02:00,3837.5,3838.1499,3837.05,3837.75,5075,2497950
EICHERMOT_F2,29-11-2023,13:03:00,3838.1499,3839.0,3837.5,3839.0,2450,2503900
EICHERMOT_F2,29-11-2023,13:04:00,3839.55,3839.8999,3839.55,3839.8501,2625,2503900
EICHERMOT_F2,29-11-2023,13:05:00,3840.55,3840.6499,3840.55,3840.6499,875,2503900
EICHERMOT_F2,29-11-2023,13:06:00,3840.05,3840.05,3838.25,3838.25,3850,2508275
EICHERMOT_F2,29-11-2023,13:07:00,3838.25,3839.05,3836.6499,3837.45,2800,2508275
EICHERMOT_F2,29-11-2023,13:08:00,3837.45,3837.5,3835.55,3835.55,1925,2508275
EICHERMOT_F2,29-11-2023,13:09:00,3835.55,3837.1499,3835.3501,3835.3501,2625,2510550
EICHERMOT_F2,29-11-2023,13:10:00,3837.2,3837.6001,3837.05,3837.05,1400,2510550
EICHERMOT_F2,29-11-2023,13:11:00,3837.05,3837.1499,3836.3999,3836.3999,2100,2510550
EICHERMOT_F2,29-11-2023,13:12:00,3836.3999,3837.5,3836.3999,3837.25,2275,2517725
EICHERMOT_F2,29-11-2023,13:13:00,3837.5,3837.5,3836.3999,3836.3999,2275,2517725
EICHERMOT_F2,29-11-2023,13:14:00,3836.75,3837.45,3836.3,3836.5,4550,2517725
EICHERMOT_F2,29-11-2023,13:15:00,3835.95,3837.45,3835.25,3836.3,2275,2522100
EICHERMOT_F2,29-11-2023,13:16:00,3835.0,3836.1499,3835.0,3835.3,5600,2522100
EICHERMOT_F2,29-11-2023,13:17:00,3836.0,3836.0,3835.25,3836.0,1925,2522100
EICHERMOT_F2,29-11-2023,13:18:00,3834.75,3835.3501,3834.75,3835.0,1400,2528750
EICHERMOT_F2,29-11-2023,13:19:00,3836.0,3836.0,3834.8501,3836.0,4025,2528750
EICHERMOT_F2,29-11-2023,13:20:00,3836.0,3836.0,3836.0,3836.0,1925,2528750
EICHERMOT_F2,29-11-2023,13:21:00,3838.3501,3838.3501,3835.2,3835.75,8400,2534350
EICHERMOT_F2,29-11-2023,13:22:00,3835.75,3836.6001,3835.75,3836.25,1750,2534350
EICHERMOT_F2,29-11-2023,13:23:00,3837.0,3838.8999,3836.8,3838.1001,3850,2534350
EICHERMOT_F2,29-11-2023,13:24:00,3838.1001,3838.95,3837.3501,3837.3501,2800,2542400
EICHERMOT_F2,29-11-2023,13:25:00,3838.95,3839.0,3837.1001,3837.1001,1925,2542400
EICHERMOT_F2,29-11-2023,13:26:00,3837.1001,3838.8501,3837.1001,3837.45,3500,2542400
EICHERMOT_F2,29-11-2023,13:27:00,3837.45,3837.45,3836.2,3836.2,2100,2547825
EICHERMOT_F2,29-11-2023,13:28:00,3836.0,3836.6499,3835.25,3836.6499,1925,2547825
EICHERMOT_F2,29-11-2023,13:29:00,3836.6499,3837.6001,3836.1001,3836.95,1575,2547825
EICHERMOT_F2,29-11-2023,13:30:00,3836.95,3837.2,3836.95,3837.2,1050,2551325
EICHERMOT_F2,29-11-2023,13:31:00,3837.2,3837.25,3835.05,3835.05,3325,2551325
EICHERMOT_F2,29-11-2023,13:32:00,3835.0,3836.8501,3834.2,3834.2,2625,2551325
EICHERMOT_F2,29-11-2023,13:33:00,3834.2,3834.2,3831.3,3832.6499,5075,2555000
EICHERMOT_F2,29-11-2023,13:34:00,3832.6499,3833.05,3832.55,3832.55,1400,2555000
EICHERMOT_F2,29-11-2023,13:35:00,3834.55,3834.55,3827.0,3828.5,7175,2555000
EICHERMOT_F2,29-11-2023,13:36:00,3828.3,3830.6499,3827.25,3830.6499,5075,2560775
EICHERMOT_F2,29-11-2023,13:37:00,3830.6499,3830.6499,3827.2,3828.2,3325,2560775
EICHERMOT_F2,29-11-2023,13:38:00,3827.45,3828.6499,3826.95,3828.45,1925,2560775
EICHERMOT_F2,29-11-2023,13:39:00,3828.45,3828.95,3826.8,3827.1001,3850,2565325
EICHERMOT_F2,29-11-2023,13:40:00,3827.1001,3828.0,3826.3,3826.8,2800,2565325
EICHERMOT_F2,29-11-2023,13:41:00,3826.8501,3829.8999,3826.8501,3829.8,2625,2565325
EICHERMOT_F2,29-11-2023,13:42:00,3829.8501,3830.7,3828.8501,3830.7,2275,2569875
EICHERMOT_F2,29-11-2023,13:43:00,3829.05,3831.0,3829.05,3829.95,1575,2569875
EICHERMOT_F2,29-11-2023,13:44:00,3829.95,3830.75,3829.6001,3829.6001,2100,2569875
EICHERMOT_F2,29-11-2023,13:45:00,3831.8,3831.8,3830.1001,3830.1001,6475,2574600
EICHERMOT_F2,29-11-2023,13:46:00,3829.8501,3831.25,3829.8501,3831.2,2275,2574600
EICHERMOT_F2,29-11-2023,13:47:00,3833.45,3834.6001,3832.95,3833.3,3500,2574600
EICHERMOT_F2,29-11-2023,13:48:00,3833.3,3835.5,3833.0,3835.5,2100,2580725
EICHERMOT_F2,29-11-2023,13:49:00,3835.5,3836.7,3834.6499,3836.7,2450,2580725
EICHERMOT_F2,29-11-2023,13:50:00,3834.45,3836.45,3834.45,3834.6499,1925,2580725
EICHERMOT_F2,29-11-2023,13:51:00,3835.6499,3838.25,3835.6499,3838.25,2275,2583700
EICHERMOT_F2,29-11-2023,13:52:00,3838.1001,3838.1001,3835.1499,3837.1001,3150,2583700
EICHERMOT_F2,29-11-2023,13:53:00,3836.8501,3836.95,3835.0,3835.0,3675,2583700
EICHERMOT_F2,29-11-2023,13:54:00,3834.6499,3834.95,3833.55,3833.6499,2450,2590175
EICHERMOT_F2,29-11-2023,13:55:00,3833.6499,3834.75,3833.05,3834.75,4200,2590175
EICHERMOT_F2,29-11-2023,13:56:00,3834.3,3834.8999,3832.8,3832.8,4900,2590175
EICHERMOT_F2,29-11-2023,13:57:00,3832.0,3832.8501,3830.8999,3831.3501,2100,2596300
EICHERMOT_F2,29-11-2023,13:58:00,3831.0,3831.1001,3829.75,3829.75,11725,2596300
EICHERMOT_F2,29-11-2023,13:59:00,3831.3501,3832.3999,3830.1499,3831.0,2975,2596300
EICHERMOT_F2,29-11-2023,14:00:00,3831.0,3831.0,3829.05,3830.8,9100,2612050
EICHERMOT_F2,29-11-2023,14:01:00,3830.8,3832.3,3829.6499,3830.8501,2800,2612050
EICHERMOT_F2,29-11-2023,14:02:00,3830.1499,3832.75,3830.1499,3832.25,4550,2612050
EICHERMOT_F2,29-11-2023,14:03:00,3833.3,3835.1499,3831.95,3833.25,3150,2623425
EICHERMOT_F2,29-11-2023,14:04:00,3835.0,3835.0,3831.7,3831.7,2450,2623425
EICHERMOT_F2,29-11-2023,14:05:00,3833.95,3835.3,3832.75,3834.05,2800,2623425
EICHERMOT_F2,29-11-2023,14:06:00,3835.7,3835.7,3833.3501,3833.3501,2800,2627800
EICHERMOT_F2,29-11-2023,14:07:00,3833.45,3834.8501,3833.45,3834.8501,1225,2627800
EICHERMOT_F2,29-11-2023,14:08:00,3831.95,3834.3,3831.6001,3834.3,5775,2627800
EICHERMOT_F2,29-11-2023,14:09:00,3835.3501,3836.6001,3834.0,3836.6001,5775,2633925
EICHERMOT_F2,29-11-2023,14:10:00,3836.6001,3836.6001,3834.25,3835.0,2275,2633925
EICHERMOT_F2,29-11-2023,14:11:00,3835.0,3835.3999,3834.25,3834.25,1925,2633925
EICHERMOT_F2,29-11-2023,14:12:00,3834.3501,3835.8999,3834.05,3835.8999,2800,2639875
EICHERMOT_F2,29-11-2023,14:13:00,3835.1499,3835.1499,3831.3501,3831.3501,5250,2639875
EICHERMOT_F2,29-11-2023,14:14:00,3831.3999,3831.3999,3831.0,3831.0,1225,2639875
EICHERMOT_F2,29-11-2023,14:15:00,3831.0,3831.7,3829.8501,3831.7,1925,2642500
EICHERMOT_F2,29-11-2023,14:16:00,3831.7,3832.0,3830.1499,3832.0,1925,2642500
EICHERMOT_F2,29-11-2023,14:17:00,3832.25,3832.25,3830.05,3830.75,2100,2642500
EICHERMOT_F2,29-11-2023,14:18:00,3831.1499,3832.55,3829.2,3829.7,1575,2646875
EICHERMOT_F2,29-11-2023,14:19:00,3829.7,3829.8999,3829.05,3829.25,3325,2646875
EICHERMOT_F2,29-11-2023,14:20:00,3829.2,3830.8501,3829.2,3830.05,2450,2646875
EICHERMOT_F2,29-11-2023,14:21:00,3829.0,3829.0,3823.6001,3824.8,47950,2652125
EICHERMOT_F2,29-11-2023,14:22:00,3826.1001,3827.7,3826.1001,3827.5,1400,2652125
EICHERMOT_F2,29-11-2023,14:23:00,3828.8,3830.0,3826.8999,3829.05,10150,2652125
EICHERMOT_F2,29-11-2023,14:24:00,3829.05,3830.6001,3829.05,3829.25,4025,2700600
EICHERMOT_F2,29-11-2023,14:25:00,3829.8501,3831.45,3829.8501,3831.45,4550,2700600
EICHERMOT_F2,29-11-2023,14:26:00,3831.45,3831.45,3828.8501,3828.8501,4900,2700600
EICHERMOT_F2,29-11-2023,14:27:00,3829.05,3831.45,3829.05,3829.95,3325,2709000
EICHERMOT_F2,29-11-2023,14:28:00,3830.0,3830.0,3828.6499,3830.0,2975,2709000
EICHERMOT_F2,29-11-2023,14:29:00,3831.0,3833.7,3830.45,3830.8501,3150,2709000
EICHERMOT_F2,29-11-2023,14:30:00,3830.8501,3832.05,3828.0,3828.1499,3325,2714775
EICHERMOT_F2,29-11-2023,14:31:00,3826.95,3828.8999,3826.6001,3826.8999,1925,2714775
EICHERMOT_F2,29-11-2023,14:32:00,3826.8999,3826.8999,3825.0,3825.0,5075,2714775
EICHERMOT_F2,29-11-2023,14:33:00,3824.95,3826.3999,3824.5,3826.3999,2800,2722125
EICHERMOT_F2,29-11-2023,14:34:00,3826.5,3827.7,3822.05,3826.0,50225,2722125
EICHERMOT_F2,29-11-2023,14:35:00,3826.0,3827.8501,3825.8999,3827.75,8925,2722125
EICHERMOT_F2,29-11-2023,14:36:00,3825.8999,3828.0,3825.25,3827.0,9800,2776900
EICHERMOT_F2,29-11-2023,14:37:00,3824.95,3826.2,3823.8501,3826.2,6650,2776900
EICHERMOT_F2,29-11-2023,14:38:00,3826.3999,3826.95,3825.45,3826.95,1750,2776900
EICHERMOT_F2,29-11-2023,14:39:00,3826.6499,3826.95,3825.0,3825.0,1575,2783200
EICHERMOT_F2,29-11-2023,14:40:00,3825.0,3826.1499,3823.6001,3823.6001,4725,2783200
EICHERMOT_F2,29-11-2023,14:41:00,3823.6001,3828.55,3823.55,3828.55,5425,2783200
EICHERMOT_F2,29-11-2023,14:42:00,3827.6001,3830.5,3825.05,3830.5,4375,2787050
EICHERMOT_F2,29-11-2023,14:43:00,3831.0,3831.3501,3828.1001,3828.3,2975,2787050
EICHERMOT_F2,29-11-2023,14:44:00,3830.75,3831.3999,3828.8501,3828.8501,2800,2787050
EICHERMOT_F2,29-11-2023,14:45:00,3828.8501,3830.5,3828.8501,3829.3501,25900,2811900
EICHERMOT_F2,29-11-2023,14:46:00,3829.8999,3830.0,3829.0,3829.1001,1750,2811900
EICHERMOT_F2,29-11-2023,14:47:00,3829.1001,3829.6499,3828.45,3828.45,1750,2811900
EICHERMOT_F2,29-11-2023,14:48:00,3828.45,3833.1001,3828.45,3832.5,2800,2814525
EICHERMOT_F2,29-11-2023,14:49:00,3833.8501,3834.1001,3832.75,3832.75,1925,2814525
EICHERMOT_F2,29-11-2023,14:50:00,3832.75,3834.75,3831.3999,3831.3999,1225,2814525
EICHERMOT_F2,29-11-2023,14:51:00,3833.75,3836.1499,3833.75,3835.0,5775,2817500
EICHERMOT_F2,29-11-2023,14:52:00,3835.05,3835.05,3834.3,3834.3999,700,2817500
EICHERMOT_F2,29-11-2023,14:53:00,3832.3999,3833.2,3832.3999,3833.2,3500,2817500
EICHERMOT_F2,29-11-2023,14:54:00,3833.3501,3834.5,3832.5,3834.5,700,2822050
EICHERMOT_F2,29-11-2023,14:55:00,3834.5,3834.5,3832.6001,3832.6001,1225,2822050
EICHERMOT_F2,29-11-2023,14:56:00,3832.6001,3835.25,3832.05,3835.25,2450,2822050
EICHERMOT_F2,29-11-2023,14:57:00,3835.6001,3835.6001,3833.1001,3833.55,1925,2823975
EICHERMOT_F2,29-11-2023,14:58:00,3835.2,3836.8,3834.25,3836.3501,2800,2823975
EICHERMOT_F2,29-11-2023,14:59:00,3836.2,3839.5,3836.2,3837.8501,3850,2823975
EICHERMOT_F2,29-11-2023,15:00:00,3836.75,3837.45,3836.1001,3837.45,2625,2829050
EICHERMOT_F2,29-11-2023,15:01:00,3837.45,3837.45,3834.05,3835.8999,2275,2829050
EICHERMOT_F2,29-11-2023,15:02:00,3837.8,3838.2,3836.3999,3837.1001,2625,2829050
EICHERMOT_F2,29-11-2023,15:03:00,3837.1001,3837.1001,3835.45,3836.75,1225,2832200
EICHERMOT_F2,29-11-2023,15:04:00,3836.75,3839.75,3836.75,3839.55,1400,2832200
EICHERMOT_F2,29-11-2023,15:05:00,3840.0,3840.45,3837.5,3837.5,1750,2832200
EICHERMOT_F2,29-11-2023,15:06:00,3838.1001,3840.3999,3838.1001,3840.3999,1750,2832900
EICHERMOT_F2,29-11-2023,15:07:00,3840.5,3845.5,3840.2,3845.5,2800,2832900
EICHERMOT_F2,29-11-2023,15:08:00,3843.75,3846.0,3843.75,3846.0,4550,2832900
EICHERMOT_F2,29-11-2023,15:09:00,3845.8,3846.8,3845.7,3846.6001,2100,2837800
EICHERMOT_F2,29-11-2023,15:10:00,3847.0,3847.75,3844.5,3846.8999,2975,2837800
EICHERMOT_F2,29-11-2023,15:11:00,3846.8999,3846.8999,3846.3999,3846.55,2975,2837800
EICHERMOT_F2,29-11-2023,15:12:00,3846.95,3848.8999,3846.95,3847.3,3675,2839550
EICHERMOT_F2,29-11-2023,15:13:00,3845.8999,3846.05,3845.0,3845.0,875,2839550
EICHERMOT_F2,29-11-2023,15:14:00,3845.05,3845.05,3844.0,3844.95,3500,2839550
EICHERMOT_F2,29-11-2023,15:15:00,3844.95,3844.95,3843.8999,3843.8999,36575,2841125
EICHERMOT_F2,29-11-2023,15:16:00,3844.05,3847.1001,3844.05,3847.1001,3150,2841125
EICHERMOT_F2,29-11-2023,15:17:00,3846.95,3847.1001,3845.3999,3846.3,3325,2841125
EICHERMOT_F2,29-11-2023,15:18:00,3845.7,3845.8501,3844.3501,3844.3999,3150,2878050
EICHERMOT_F2,29-11-2023,15:19:00,3844.3999,3844.3999,3843.75,3843.75,1225,2878050
EICHERMOT_F2,29-11-2023,15:20:00,3843.8501,3845.1499,3843.8501,3844.3,5425,2878050
EICHERMOT_F2,29-11-2023,15:21:00,3844.75,3845.1499,3844.75,3845.1499,1925,2882250
EICHERMOT_F2,29-11-2023,15:22:00,3845.0,3845.0,3844.3501,3844.3501,1225,2882250
EICHERMOT_F2,29-11-2023,15:23:00,3844.95,3845.6499,3844.3,3845.0,3675,2882250
EICHERMOT_F2,29-11-2023,15:24:00,3844.45,3845.3999,3843.1499,3843.1499,2450,2884350
EICHERMOT_F2,29-11-2023,15:25:00,3844.1499,3844.6499,3844.1499,3844.6499,1225,2884350
EICHERMOT_F2,29-11-2023,15:26:00,3844.1499,3844.6499,3843.7,3844.05,1050,2884350
EICHERMOT_F2,29-11-2023,15:27:00,3844.25,3845.3999,3844.0,3844.0,2800,2884350
EICHERMOT_F2,29-11-2023,15:28:00,3844.8,3844.95,3842.2,3844.95,2800,2884350
EICHERMOT_F2,29-11-2023,15:29:00,3844.8999,3844.8999,3840.55,3843.0,5775,2884350
EICHERMOT_F2,30-11-2023,09:15:00,3868.0,3894.0,3866.8,3880.0,36053,2789500
EICHERMOT_F2,30-11-2023,09:16:00,3884.25,3887.8501,3880.0,3887.6001,12775,2789500
EICHERMOT_F2,30-11-2023,09:17:00,3887.1001,3887.1001,3874.0,3878.75,12425,2788450
EICHERMOT_F2,30-11-2023,09:18:00,3878.45,3882.0,3876.6499,3880.1499,14875,2788450
EICHERMOT_F2,30-11-2023,09:19:00,3879.2,3885.95,3879.2,3880.0,10675,2788450
EICHERMOT_F2,30-11-2023,09:20:00,3882.6499,3883.1001,3877.0,3883.1001,7350,2795450
EICHERMOT_F2,30-11-2023,09:21:00,3883.0,3883.0,3873.3,3873.3,7000,2795450
EICHERMOT_F2,30-11-2023,09:22:00,3872.3,3875.0,3870.45,3873.0,4200,2795450
EICHERMOT_F2,30-11-2023,09:23:00,3872.95,3880.1001,3872.95,3876.0,9100,2800875
EICHERMOT_F2,30-11-2023,09:24:00,3876.0,3876.0,3873.5,3873.5,2625,2800875
EICHERMOT_F2,30-11-2023,09:25:00,3872.6499,3873.0,3870.6499,3871.6001,3150,2800875
EICHERMOT_F2,30-11-2023,09:26:00,3872.2,3872.7,3867.1499,3867.1499,7350,2805250
EICHERMOT_F2,30-11-2023,09:27:00,3865.0,3868.8999,3863.25,3863.25,5950,2805250
EICHERMOT_F2,30-11-2023,09:28:00,3864.0,3864.0,3860.05,3860.05,1925,2805250
EICHERMOT_F2,30-11-2023,09:29:00,3860.05,3860.05,3855.8999,3856.1499,7000,2808050
EICHERMOT_F2,30-11-2023,09:30:00,3856.0,3861.3999,3856.0,3861.3999,4025,2808050
EICHERMOT_F2,30-11-2023,09:31:00,3860.8999,3864.7,3860.8999,3863.1499,5950,2808050
EICHERMOT_F2,30-11-2023,09:32:00,3864.55,3867.45,3862.1001,3867.45,3325,2811200
EICHERMOT_F2,30-11-2023,09:33:00,3867.6001,3870.0,3867.0,3868.55,3850,2811200
EICHERMOT_F2,30-11-2023,09:34:00,3866.6001,3866.6001,3862.0,3863.6001,4550,2811200
EICHERMOT_F2,30-11-2023,09:35:00,3860.05,3866.8999,3860.05,3864.25,4725,2815925
EICHERMOT_F2,30-11-2023,09:36:00,3866.55,3869.6001,3864.3999,3869.25,1925,2815925
EICHERMOT_F2,30-11-2023,09:37:00,3871.0,3872.5,3869.1499,3871.6499,5075,2815925
EICHERMOT_F2,30-11-2023,09:38:00,3870.0,3871.7,3867.8501,3869.05,4375,2815925
EICHERMOT_F2,30-11-2023,09:39:00,3869.05,3869.05,3866.0,3868.95,2275,2817675
EICHERMOT_F2,30-11-2023,09:40:00,3869.0,3874.0,3869.0,3874.0,2275,2817675
EICHERMOT_F2,30-11-2023,09:41:00,3871.1001,3873.3501,3867.95,3867.95,1750,2819075
EICHERMOT_F2,30-11-2023,09:42:00,3868.0,3868.8999,3865.3999,3868.8999,1400,2819075
EICHERMOT_F2,30-11-2023,09:43:00,3868.8999,3869.1499,3868.8999,3869.1499,525,2819075
EICHERMOT_F2,30-11-2023,09:45:00,3868.6499,3868.8999,3866.0,3866.0,3325,2820125
EICHERMOT_F2,30-11-2023,09:46:00,3865.0,3866.6499,3864.0,3864.5,1225,2820125
EICHERMOT_F2,30-11-2023,09:47:00,3866.7,3866.75,3864.3999,3864.5,1050,2820125
EICHERMOT_F2,30-11-2023,09:48:00,3864.5,3864.95,3864.2,3864.2,1050,2821350
EICHERMOT_F2,30-11-2023,09:49:00,3864.2,3867.3501,3864.05,3864.05,1575,2821350
EICHERMOT_F2,30-11-2023,09:50:00,3866.8,3869.75,3866.8,3869.6001,1050,2821350
EICHERMOT_F2,30-11-2023,09:51:00,3867.6001,3867.6001,3864.05,3865.1499,1400,2822400
EICHERMOT_F2,30-11-2023,09:52:00,3862.1499,3865.1499,3861.7,3862.6001,2625,2822400
EICHERMOT_F2,30-11-2023,09:53:00,3863.25,3863.25,3860.0,3860.0,875,2822400
EICHERMOT_F2,30-11-2023,09:54:00,3858.0,3858.45,3856.0,3856.0,1225,2824850
EICHERMOT_F2,30-11-2023,09:55:00,3855.95,3856.2,3852.3,3856.1499,4725,2824850
EICHERMOT_F2,30-11-2023,09:56:00,3858.25,3860.75,3854.25,3855.7,2625,2824850
EICHERMOT_F2,30-11-2023,09:57:00,3856.2,3858.1001,3853.6001,3858.1001,5075,2825200
EICHERMOT_F2,30-11-2023,09:58:00,3857.0,3862.05,3857.0,3861.8501,1050,2825200
EICHERMOT_F2,30-11-2023,09:59:00,3859.1001,3860.45,3859.0,3860.45,2100,2823625
EICHERMOT_F2,30-11-2023,10:00:00,3859.55,3860.0,3855.1001,3860.0,3325,2823625
EICHERMOT_F2,30-11-2023,10:01:00,3859.6001,3861.95,3859.6001,3861.25,1925,2823625
EICHERMOT_F2,30-11-2023,10:02:00,3863.0,3865.0,3861.8999,3861.8999,2625,2823625
EICHERMOT_F2,30-11-2023,10:03:00,3865.75,3865.75,3860.95,3860.95,875,2825725
EICHERMOT_F2,30-11-2023,10:04:00,3861.05,3861.05,3856.2,3858.3501,1225,2825725
EICHERMOT_F2,30-11-2023,10:05:00,3861.0,3861.2,3856.25,3856.25,1050,2825725
EICHERMOT_F2,30-11-2023,10:06:00,3855.05,3863.6001,3855.05,3861.8501,1575,2825900
EICHERMOT_F2,30-11-2023,10:07:00,3862.7,3864.2,3860.0,3863.2,1750,2825900
EICHERMOT_F2,30-11-2023,10:08:00,3865.0,3867.8501,3865.0,3867.8501,1750,2825900
EICHERMOT_F2,30-11-2023,10:09:00,3865.05,3868.1499,3865.05,3866.2,875,2826600
EICHERMOT_F2,30-11-2023,10:10:00,3866.2,3869.55,3865.0,3869.55,1400,2826600
EICHERMOT_F2,30-11-2023,10:11:00,3869.1499,3873.8,3869.1499,3870.05,3150,2826950
EICHERMOT_F2,30-11-2023,10:12:00,3872.0,3878.0,3870.05,3877.05,4550,2826950
EICHERMOT_F2,30-11-2023,10:13:00,3876.1001,3877.0,3874.3999,3875.0,2625,2826950
EICHERMOT_F2,30-11-2023,10:14:00,3876.3999,3876.55,3871.05,3873.8501,1925,2827650
EICHERMOT_F2,30-11-2023,10:15:00,3871.55,3874.6499,3871.45,3874.55,1750,2827650
EICHERMOT_F2,30-11-2023,10:16:00,3871.5,3872.3,3868.8,3868.8,2450,2827650
EICHERMOT_F2,30-11-2023,10:17:00,3869.1499,3870.25,3869.1499,3870.0,875,2829925
EICHERMOT_F2,30-11-2023,10:18:00,3869.1499,3872.75,3867.1001,3871.3999,2100,2829925
EICHERMOT_F2,30-11-2023,10:19:00,3870.95,3872.6499,3868.75,3868.75,1225,2829925
EICHERMOT_F2,30-11-2023,10:20:00,3866.8999,3871.05,3866.8999,3871.05,1400,2830975
EICHERMOT_F2,30-11-2023,10:21:00,3872.8501,3872.8999,3871.25,3871.25,1575,2830975
EICHERMOT_F2,30-11-2023,10:22:00,3871.55,3872.5,3869.6001,3871.7,2275,2830975
EICHERMOT_F2,30-11-2023,10:23:00,3872.45,3873.0,3870.1001,3870.1001,4200,2830975
EICHERMOT_F2,30-11-2023,10:24:00,3871.1499,3871.3999,3869.55,3871.3999,1750,2834825
EICHERMOT_F2,30-11-2023,10:25:00,3870.8,3871.6001,3870.25,3870.25,700,2834825
EICHERMOT_F2,30-11-2023,10:26:00,3870.05,3870.05,3869.95,3869.95,875,2834825
EICHERMOT_F2,30-11-2023,10:27:00,3868.45,3869.5,3868.45,3869.5,525,2836050
EICHERMOT_F2,30-11-2023,10:28:00,3869.8999,3871.45,3869.3999,3870.8501,4725,2836050
EICHERMOT_F2,30-11-2023,10:29:00,3869.2,3871.8501,3869.2,3871.8501,1225,2839900
EICHERMOT_F2,30-11-2023,10:30:00,3872.0,3874.25,3871.8999,3874.25,3500,2839900
EICHERMOT_F2,30-11-2023,10:31:00,3872.8999,3874.3501,3871.25,3871.6001,4200,2839900
EICHERMOT_F2,30-11-2023,10:32:00,3873.8999,3873.8999,3872.3501,3873.8501,2275,2839900
EICHERMOT_F2,30-11-2023,10:33:00,3873.8,3876.7,3873.2,3876.6499,4725,2842875
EICHERMOT_F2,30-11-2023,10:34:00,3878.1499,3878.75,3876.5,3878.75,1575,2842875
EICHERMOT_F2,30-11-2023,10:35:00,3878.8999,3879.0,3877.2,3877.2,2100,2844450
EICHERMOT_F2,30-11-2023,10:36:00,3877.05,3883.1499,3873.3,3879.3501,8925,2844450
EICHERMOT_F2,30-11-2023,10:37:00,3878.8,3881.5,3878.8,3881.5,350,2844450
EICHERMOT_F2,30-11-2023,10:38:00,3881.0,3889.0,3879.8999,3888.0,5600,2850050
EICHERMOT_F2,30-11-2023,10:39:00,3889.8999,3889.8999,3886.3501,3886.3501,2275,2850050
EICHERMOT_F2,30-11-2023,10:40:00,3886.6001,3887.95,3880.55,3885.8999,4375,2850050
EICHERMOT_F2,30-11-2023,10:41:00,3881.3501,3883.8501,3881.3501,3883.2,525,2850050
EICHERMOT_F2,30-11-2023,10:42:00,3882.8999,3882.8999,3882.0,3882.0,525,2850925
EICHERMOT_F2,30-11-2023,10:43:00,3883.1499,3887.95,3883.0,3887.95,2800,2850925
EICHERMOT_F2,30-11-2023,10:44:00,3888.0,3890.6001,3886.5,3890.6001,8400,2854775
EICHERMOT_F2,30-11-2023,10:45:00,3893.95,3896.75,3891.3999,3893.95,11025,2854775
EICHERMOT_F2,30-11-2023,10:46:00,3894.1499,3896.2,3893.95,3895.0,7350,2854775
EICHERMOT_F2,30-11-2023,10:47:00,3895.5,3897.8999,3894.0,3897.8999,7000,2854775
EICHERMOT_F2,30-11-2023,10:48:00,3897.8999,3909.3999,3897.45,3908.2,24325,2860900
EICHERMOT_F2,30-11-2023,10:49:00,3910.0,3915.0,3905.7,3909.8,14000,2860900
EICHERMOT_F2,30-11-2023,10:50:00,3912.6001,3919.95,3912.6001,3918.8,15925,2860900
EICHERMOT_F2,30-11-2023,10:51:00,3919.05,3919.8501,3913.3,3915.0,25375,2871925
EICHERMOT_F2,30-11-2023,10:52:00,3915.05,3919.3999,3915.0,3917.0,4725,2871925
EICHERMOT_F2,30-11-2023,10:53:00,3919.0,3923.0,3917.25,3920.5,11725,2871925
EICHERMOT_F2,30-11-2023,10:54:00,3920.5,3922.3501,3918.0,3920.0,5775,2894150
EICHERMOT_F2,30-11-2023,10:55:00,3916.0,3918.6001,3913.0,3914.0,5950,2894150
EICHERMOT_F2,30-11-2023,10:56:00,3914.0,3917.7,3913.45,3917.3999,3850,2894150
EICHERMOT_F2,30-11-2023,10:57:00,3920.0,3920.0,3914.0,3914.0,4025,2898000
EICHERMOT_F2,30-11-2023,10:58:00,3915.8,3918.8,3915.8,3916.6499,3500,2898000
EICHERMOT_F2,30-11-2023,10:59:00,3916.6499,3916.6499,3912.55,3916.1499,5950,2898000
EICHERMOT_F2,30-11-2023,11:00:00,3914.0,3922.3501,3913.6001,3922.3,8225,2901150
EICHERMOT_F2,30-11-2023,11:01:00,3924.5,3938.0,3924.1001,3934.05,24850,2901150
EICHERMOT_F2,30-11-2023,11:02:00,3936.25,3945.0,3934.1499,3945.0,35700,2901150
EICHERMOT_F2,30-11-2023,11:03:00,3945.05,3949.8501,3941.75,3949.8501,33250,2923725
EICHERMOT_F2,30-11-2023,11:04:00,3949.8999,3951.8999,3945.5,3947.55,23100,2923725
EICHERMOT_F2,30-11-2023,11:05:00,3947.75,3951.0,3945.45,3949.3999,17675,2923725
EICHERMOT_F2,30-11-2023,11:06:00,3948.1499,3951.0,3944.45,3948.0,17325,2945425
EICHERMOT_F2,30-11-2023,11:07:00,3946.3501,3953.3501,3946.25,3949.8,23800,2945425
EICHERMOT_F2,30-11-2023,11:08:00,3947.8999,3952.0,3945.0,3946.3999,14525,2945425
EICHERMOT_F2,30-11-2023,11:09:00,3947.95,3948.8,3940.0,3948.8,13300,2967650
EICHERMOT_F2,30-11-2023,11:10:00,3950.0,3950.0,3944.0,3946.0,14700,2967650
EICHERMOT_F2,30-11-2023,11:11:00,3946.05,3948.1499,3945.1499,3945.1499,16450,2967650
EICHERMOT_F2,30-11-2023,11:12:00,3944.75,3945.8,3941.7,3941.7,8925,2984275
EICHERMOT_F2,30-11-2023,11:13:00,3944.7,3944.8501,3928.1499,3928.6001,27650,2984275
EICHERMOT_F2,30-11-2023,11:14:00,3928.5,3932.75,3928.5,3932.75,4025,2984275
EICHERMOT_F2,30-11-2023,11:15:00,3932.55,3945.0,3932.3999,3945.0,8925,2992675
EICHERMOT_F2,30-11-2023,11:16:00,3945.0,3945.6001,3941.0,3944.3501,7000,2992675
EICHERMOT_F2,30-11-2023,11:17:00,3941.0,3942.95,3938.6499,3940.3,9450,2992675
EICHERMOT_F2,30-11-2023,11:18:00,3940.3,3942.3999,3939.25,3942.3999,8225,3000550
EICHERMOT_F2,30-11-2023,11:19:00,3944.1001,3944.45,3940.7,3941.7,5775,3000550
EICHERMOT_F2,30-11-2023,11:20:00,3941.7,3944.8999,3941.7,3944.8999,5950,3000550
EICHERMOT_F2,30-11-2023,11:21:00,3944.5,3945.0,3942.3,3944.6001,5600,3008250
EICHERMOT_F2,30-11-2023,11:22:00,3941.95,3944.95,3940.95,3942.2,5075,3008250
EICHERMOT_F2,30-11-2023,11:23:00,3944.25,3944.3,3940.0,3941.05,4900,3008250
EICHERMOT_F2,30-11-2023,11:24:00,3938.25,3940.05,3938.0,3938.95,5425,3014550
EICHERMOT_F2,30-11-2023,11:25:00,3938.8501,3938.8501,3931.95,3934.3501,4025,3014550
EICHERMOT_F2,30-11-2023,11:26:00,3934.3,3934.3,3931.8,3933.0,2625,3014550
EICHERMOT_F2,30-11-2023,11:27:00,3933.0,3939.3,3933.0,3937.75,13300,3017350
EICHERMOT_F2,30-11-2023,11:28:00,3935.55,3935.55,3933.1001,3934.75,4025,3017350
EICHERMOT_F2,30-11-2023,11:29:00,3933.45,3934.6001,3932.0,3932.0,3500,3017350
EICHERMOT_F2,30-11-2023,11:30:00,3933.3,3934.7,3931.1499,3934.7,2975,3018750
EICHERMOT_F2,30-11-2023,11:31:00,3934.7,3934.7,3931.8999,3931.8999,1575,3018750
EICHERMOT_F2,30-11-2023,11:32:00,3931.5,3932.3999,3930.95,3932.3999,2275,3018750
EICHERMOT_F2,30-11-2023,11:33:00,3932.3999,3932.3999,3924.0,3924.0,13825,3022250
EICHERMOT_F2,30-11-2023,11:34:00,3924.45,3929.95,3924.1499,3927.8,5425,3022250
EICHERMOT_F2,30-11-2023,11:35:00,3927.8,3929.6001,3927.8,3929.3999,2100,3022250
EICHERMOT_F2,30-11-2023,11:36:00,3928.8501,3931.0,3928.8501,3930.45,3850,3025925
EICHERMOT_F2,30-11-2023,11:37:00,3930.45,3931.8999,3928.75,3930.6499,4550,3025925
EICHERMOT_F2,30-11-2023,11:38:00,3928.3999,3929.3,3928.3999,3928.3999,1750,3025925
EICHERMOT_F2,30-11-2023,11:39:00,3931.3501,3931.8,3931.3501,3931.8,1050,3030475
EICHERMOT_F2,30-11-2023,11:40:00,3931.0,3935.0,3931.0,3935.0,3850,3030475
EICHERMOT_F2,30-11-2023,11:41:00,3935.6499,3937.0,3934.75,3937.0,4550,3030475
EICHERMOT_F2,30-11-2023,11:42:00,3937.0,3937.0,3935.1499,3935.6499,2975,3036600
EICHERMOT_F2,30-11-2023,11:43:00,3936.8501,3936.8501,3934.0,3934.95,2450,3036600
EICHERMOT_F2,30-11-2023,11:44:00,3934.95,3935.0,3930.7,3930.7,8925,3036600
EICHERMOT_F2,30-11-2023,11:45:00,3931.3999,3931.3999,3931.0,3931.3501,1225,3041850
EICHERMOT_F2,30-11-2023,11:46:00,3931.3501,3934.8501,3930.75,3930.75,4025,3041850
EICHERMOT_F2,30-11-2023,11:47:00,3930.75,3933.8501,3930.75,3933.8501,2975,3041850
EICHERMOT_F2,30-11-2023,11:48:00,3934.2,3936.0,3932.75,3934.0,3150,3043250
EICHERMOT_F2,30-11-2023,11:49:00,3936.8,3938.0,3935.7,3938.0,2275,3043250
EICHERMOT_F2,30-11-2023,11:50:00,3937.5,3938.75,3937.0,3937.0,1750,3043250
EICHERMOT_F2,30-11-2023,11:51:00,3937.0,3938.45,3935.0,3936.6001,3675,3045000
EICHERMOT_F2,30-11-2023,11:52:00,3936.0,3937.05,3936.0,3936.45,2625,3045000
EICHERMOT_F2,30-11-2023,11:53:00,3938.6499,3938.7,3937.7,3938.0,1925,3045000
EICHERMOT_F2,30-11-2023,11:54:00,3938.0,3939.6001,3935.6499,3939.3501,3850,3048500
EICHERMOT_F2,30-11-2023,11:55:00,3938.5,3942.6499,3938.5,3942.6499,8400,3048500
EICHERMOT_F2,30-11-2023,11:56:00,3944.6499,3944.6499,3939.3999,3939.3999,4375,3048500
EICHERMOT_F2,30-11-2023,11:57:00,3939.3,3939.3999,3938.0,3938.0,1575,3045175
EICHERMOT_F2,30-11-2023,11:58:00,3938.0,3938.0,3934.1499,3934.2,1750,3045175
EICHERMOT_F2,30-11-2023,11:59:00,3934.05,3934.6499,3933.0,3934.6499,3675,3045175
EICHERMOT_F2,30-11-2023,12:00:00,3935.6001,3937.0,3935.6001,3935.6499,2275,3048150
EICHERMOT_F2,30-11-2023,12:01:00,3937.8,3937.8,3934.05,3935.6001,1400,3048150
EICHERMOT_F2,30-11-2023,12:02:00,3933.05,3934.55,3931.55,3931.55,1925,3048150
EICHERMOT_F2,30-11-2023,12:03:00,3931.45,3931.45,3926.8999,3926.8999,3150,3050075
EICHERMOT_F2,30-11-2023,12:04:00,3924.1499,3925.3501,3923.6001,3924.45,2100,3050075
EICHERMOT_F2,30-11-2023,12:05:00,3928.1499,3928.1499,3922.2,3924.0,2975,3050075
EICHERMOT_F2,30-11-2023,12:06:00,3922.0,3924.1001,3920.3,3920.8999,2975,3052175
EICHERMOT_F2,30-11-2023,12:07:00,3922.0,3923.7,3918.25,3921.5,6475,3052175
EICHERMOT_F2,30-11-2023,12:08:00,3917.8,3919.3999,3916.6001,3919.3999,4025,3052175
EICHERMOT_F2,30-11-2023,12:09:00,3917.0,3918.1499,3908.8501,3914.95,19075,3059175
EICHERMOT_F2,30-11-2023,12:10:00,3915.75,3917.0,3912.55,3914.3501,4025,3059175
EICHERMOT_F2,30-11-2023,12:11:00,3914.2,3914.2,3912.25,3912.5,700,3059175
EICHERMOT_F2,30-11-2023,12:12:00,3911.3501,3912.5,3910.0,3910.25,2800,3066000
EICHERMOT_F2,30-11-2023,12:13:00,3910.2,3911.55,3908.5,3908.8501,4900,3066000
EICHERMOT_F2,30-11-2023,12:14:00,3908.1001,3911.6499,3908.1001,3909.1001,4200,3066000
EICHERMOT_F2,30-11-2023,12:15:00,3909.1001,3911.95,3909.1001,3911.95,2275,3047625
EICHERMOT_F2,30-11-2023,12:16:00,3911.95,3912.0,3910.3,3910.3,3325,3047625
EICHERMOT_F2,30-11-2023,12:17:00,3910.3501,3912.2,3910.0,3910.3999,1575,3047625
EICHERMOT_F2,30-11-2023,12:18:00,3908.25,3910.3999,3908.25,3910.3999,525,3049900
EICHERMOT_F2,30-11-2023,12:19:00,3908.1499,3909.3999,3907.2,3907.2,1400,3049900
EICHERMOT_F2,30-11-2023,12:20:00,3907.95,3908.0,3906.5,3906.5,3850,3049900
EICHERMOT_F2,30-11-2023,12:21:00,3906.0,3908.0,3905.3999,3906.7,1225,3051825
EICHERMOT_F2,30-11-2023,12:22:00,3906.0,3907.3,3903.3501,3903.3501,5425,3051825
EICHERMOT_F2,30-11-2023,12:23:00,3904.6001,3904.6001,3902.0,3902.2,1925,3051825
EICHERMOT_F2,30-11-2023,12:24:00,3902.75,3906.8501,3902.75,3905.8501,3325,3052525
EICHERMOT_F2,30-11-2023,12:25:00,3906.7,3909.0,3906.7,3907.8,1400,3052525
EICHERMOT_F2,30-11-2023,12:26:00,3909.0,3911.8,3907.7,3910.25,1575,3052525
EICHERMOT_F2,30-11-2023,12:27:00,3912.55,3915.8999,3911.0,3914.3501,4375,3052350
EICHERMOT_F2,30-11-2023,12:28:00,3915.8501,3916.0,3912.0,3912.0,1925,3052350
EICHERMOT_F2,30-11-2023,12:29:00,3912.3501,3912.3501,3912.3501,3912.3501,350,3052350
EICHERMOT_F2,30-11-2023,12:30:00,3911.6499,3911.6499,3911.55,3911.55,350,3054975
EICHERMOT_F2,30-11-2023,12:31:00,3911.0,3911.45,3911.0,3911.45,1050,3054975
EICHERMOT_F2,30-11-2023,12:32:00,3910.95,3910.95,3910.55,3910.55,525,3054975
EICHERMOT_F2,30-11-2023,12:33:00,3910.0,3910.3999,3906.6001,3908.3501,2625,3056200
EICHERMOT_F2,30-11-2023,12:34:00,3907.3501,3907.3501,3907.3501,3907.3501,175,3056200
EICHERMOT_F2,30-11-2023,12:35:00,3905.5,3905.5,3902.3501,3903.45,4725,3056200
EICHERMOT_F2,30-11-2023,12:36:00,3902.8999,3902.8999,3900.6001,3900.7,7000,3056375
EICHERMOT_F2,30-11-2023,12:37:00,3900.1001,3902.5,3900.1001,3902.5,4025,3056375
EICHERMOT_F2,30-11-2023,12:38:00,3902.5,3906.3999,3902.5,3906.3,4375,3056375
EICHERMOT_F2,30-11-2023,12:39:00,3904.1001,3904.1001,3903.0,3903.0,1400,3058125
EICHERMOT_F2,30-11-2023,12:40:00,3904.55,3904.55,3903.0,3904.2,525,3058125
EICHERMOT_F2,30-11-2023,12:41:00,3902.6499,3902.6499,3900.7,3900.7,1225,3058125
EICHERMOT_F2,30-11-2023,12:42:00,3902.8501,3910.0,3902.8501,3909.1001,2800,3049550
EICHERMOT_F2,30-11-2023,12:43:00,3909.05,3909.1499,3909.05,3909.1001,1225,3049550
EICHERMOT_F2,30-11-2023,12:44:00,3910.3,3910.3,3909.3501,3909.3501,525,3049550
EICHERMOT_F2,30-11-2023,12:45:00,3908.0,3909.8,3907.05,3907.3999,4375,3052350
EICHERMOT_F2,30-11-2023,12:46:00,3907.3999,3910.1499,3907.3999,3910.1499,875,3052350
EICHERMOT_F2,30-11-2023,12:47:00,3908.45,3917.8501,3908.45,3913.45,6825,3052350
EICHERMOT_F2,30-11-2023,12:48:00,3913.0,3913.0,3912.0,3912.5,1225,3057250
EICHERMOT_F2,30-11-2023,12:49:00,3911.45,3914.0,3911.45,3914.0,700,3057250
EICHERMOT_F2,30-11-2023,12:50:00,3910.8,3912.0,3910.5,3911.6499,1925,3057250
EICHERMOT_F2,30-11-2023,12:51:00,3909.8501,3910.1499,3908.05,3908.05,2275,3060400
EICHERMOT_F2,30-11-2023,12:52:00,3909.95,3910.3501,3909.0,3910.3501,1400,3060400
EICHERMOT_F2,30-11-2023,12:53:00,3910.3501,3910.3501,3908.75,3909.8,1750,3060400
EICHERMOT_F2,30-11-2023,12:54:00,3908.0,3908.75,3906.75,3908.1499,1400,3062850
EICHERMOT_F2,30-11-2023,12:55:00,3907.3501,3908.6001,3906.8999,3906.8999,1225,3062850
EICHERMOT_F2,30-11-2023,12:56:00,3907.8999,3907.8999,3906.8,3907.5,1575,3062850
EICHERMOT_F2,30-11-2023,12:57:00,3907.0,3907.6001,3904.75,3907.1001,2625,3064250
EICHERMOT_F2,30-11-2023,12:58:00,3908.5,3908.55,3907.0,3908.3,1400,3064250
EICHERMOT_F2,30-11-2023,12:59:00,3908.2,3911.5,3906.1001,3908.8,5600,3064250
EICHERMOT_F2,30-11-2023,13:00:00,3908.8,3908.8,3908.0,3908.0,525,3066350
EICHERMOT_F2,30-11-2023,13:01:00,3907.45,3907.45,3902.1499,3902.1499,2275,3066350
EICHERMOT_F2,30-11-2023,13:02:00,3904.45,3907.1001,3901.3501,3901.3501,2975,3066350
EICHERMOT_F2,30-11-2023,13:03:00,3903.95,3905.0,3901.3,3905.0,1225,3069675
EICHERMOT_F2,30-11-2023,13:04:00,3903.45,3911.3999,3903.45,3911.3999,12075,3069675
EICHERMOT_F2,30-11-2023,13:05:00,3910.05,3911.75,3908.55,3911.75,8750,3069675
EICHERMOT_F2,30-11-2023,13:06:00,3911.8999,3912.25,3911.8999,3912.25,350,3067225
EICHERMOT_F2,30-11-2023,13:07:00,3911.25,3918.95,3911.25,3918.6001,2800,3067225
EICHERMOT_F2,30-11-2023,13:08:00,3918.6001,3919.8999,3917.3999,3918.5,2975,3067225
EICHERMOT_F2,30-11-2023,13:09:00,3919.95,3925.0,3918.6001,3925.0,7875,3070900
EICHERMOT_F2,30-11-2023,13:10:00,3926.55,3927.05,3924.0,3927.05,6475,3070900
EICHERMOT_F2,30-11-2023,13:11:00,3929.0,3932.0,3927.6001,3928.05,5250,3070900
EICHERMOT_F2,30-11-2023,13:12:00,3929.8999,3934.0,3929.55,3929.55,8050,3075275
EICHERMOT_F2,30-11-2023,13:13:00,3930.6499,3932.25,3929.8,3929.8,1925,3075275
EICHERMOT_F2,30-11-2023,13:14:00,3929.3999,3932.0,3929.3999,3932.0,1750,3075275
EICHERMOT_F2,30-11-2023,13:15:00,3931.3999,3931.3999,3929.3501,3929.3501,1400,3079475
EICHERMOT_F2,30-11-2023,13:16:00,3928.0,3929.3501,3926.1499,3929.3501,1400,3079475
EICHERMOT_F2,30-11-2023,13:17:00,3928.8501,3928.8501,3927.0,3927.0,700,3079475
EICHERMOT_F2,30-11-2023,13:18:00,3921.8501,3923.95,3915.1001,3916.8,20475,3078600
EICHERMOT_F2,30-11-2023,13:19:00,3916.3999,3916.3999,3908.0,3909.05,19250,3078600
EICHERMOT_F2,30-11-2023,13:20:00,3909.6001,3913.05,3909.1001,3913.05,1750,3078600
EICHERMOT_F2,30-11-2023,13:21:00,3915.2,3916.75,3913.8999,3916.75,1575,3077550
EICHERMOT_F2,30-11-2023,13:22:00,3916.7,3916.8,3916.0,3916.8,525,3077550
EICHERMOT_F2,30-11-2023,13:23:00,3915.05,3915.45,3910.05,3910.05,5775,3077550
EICHERMOT_F2,30-11-2023,13:24:00,3910.6001,3911.95,3908.05,3911.95,3150,3077375
EICHERMOT_F2,30-11-2023,13:25:00,3912.6499,3914.8999,3912.6499,3914.8999,700,3077375
EICHERMOT_F2,30-11-2023,13:26:00,3913.25,3916.2,3913.25,3916.2,1225,3077375
EICHERMOT_F2,30-11-2023,13:27:00,3915.95,3916.5,3915.8501,3916.5,525,3077200
EICHERMOT_F2,30-11-2023,13:28:00,3915.7,3917.45,3914.95,3917.45,2275,3077200
EICHERMOT_F2,30-11-2023,13:29:00,3915.3999,3915.3999,3913.6001,3915.3,1400,3077200
EICHERMOT_F2,30-11-2023,13:30:00,3914.7,3918.05,3912.45,3918.05,1400,3075625
EICHERMOT_F2,30-11-2023,13:31:00,3915.5,3918.2,3915.5,3918.2,1750,3075625
EICHERMOT_F2,30-11-2023,13:32:00,3918.2,3918.75,3915.25,3918.3999,2625,3075625
EICHERMOT_F2,30-11-2023,13:33:00,3915.6499,3918.3999,3915.6499,3917.25,1050,3079475
EICHERMOT_F2,30-11-2023,13:34:00,3917.25,3917.25,3914.5,3915.8,875,3079475
EICHERMOT_F2,30-11-2023,13:35:00,3915.8,3917.3501,3915.8,3917.3501,1400,3079475
EICHERMOT_F2,30-11-2023,13:36:00,3914.1001,3919.8,3914.1001,3919.8,3500,3081225
EICHERMOT_F2,30-11-2023,13:37:00,3919.6499,3919.75,3919.6499,3919.75,1225,3081225
EICHERMOT_F2,30-11-2023,13:38:00,3919.7,3922.0,3919.1499,3922.0,4025,3081225
EICHERMOT_F2,30-11-2023,13:39:00,3921.5,3921.5,3918.7,3921.3,875,3081225
EICHERMOT_F2,30-11-2023,13:40:00,3921.3999,3921.95,3920.8501,3920.8501,1050,3081225
EICHERMOT_F2,30-11-2023,13:41:00,3917.6499,3922.0,3916.3999,3922.0,3500,3081225
EICHERMOT_F2,30-11-2023,13:42:00,3922.95,3925.25,3920.95,3921.6001,11025,3081750
EICHERMOT_F2,30-11-2023,13:43:00,3920.25,3920.25,3917.8999,3918.75,1225,3081750
EICHERMOT_F2,30-11-2023,13:44:00,3919.6001,3919.6001,3915.0,3915.0,2625,3081750
EICHERMOT_F2,30-11-2023,13:45:00,3915.1001,3916.45,3915.1001,3916.45,875,3076500
EICHERMOT_F2,30-11-2023,13:46:00,3917.2,3919.0,3914.3,3914.3,1575,3076500
EICHERMOT_F2,30-11-2023,13:47:00,3917.8999,3918.8999,3915.7,3918.8501,1225,3076500
EICHERMOT_F2,30-11-2023,13:48:00,3917.0,3919.1001,3916.7,3918.8999,2275,3075975
EICHERMOT_F2,30-11-2023,13:49:00,3917.8999,3917.8999,3914.1001,3915.0,2275,3075975
EICHERMOT_F2,30-11-2023,13:50:00,3915.25,3920.0,3914.75,3920.0,1575,3075975
EICHERMOT_F2,30-11-2023,13:51:00,3920.0,3920.0,3918.3,3919.95,1575,3074925
EICHERMOT_F2,30-11-2023,13:52:00,3919.8999,3920.0,3915.8,3915.8,3850,3074925
EICHERMOT_F2,30-11-2023,13:53:00,3915.7,3917.95,3915.3501,3915.3501,2275,3074925
EICHERMOT_F2,30-11-2023,13:54:00,3916.45,3916.45,3913.1499,3913.6499,1400,3077025
EICHERMOT_F2,30-11-2023,13:55:00,3914.25,3917.05,3914.25,3917.05,1400,3077025
EICHERMOT_F2,30-11-2023,13:56:00,3915.5,3917.8999,3915.5,3916.3501,700,3077025
EICHERMOT_F2,30-11-2023,13:57:00,3917.3,3917.45,3916.8,3917.3,2100,3076500
EICHERMOT_F2,30-11-2023,13:58:00,3917.8,3917.8,3915.5,3915.5,1400,3076500
EICHERMOT_F2,30-11-2023,13:59:00,3916.8999,3917.05,3916.0,3917.05,875,3076500
EICHERMOT_F2,30-11-2023,14:00:00,3914.3,3914.7,3911.7,3911.7,2275,3076500
EICHERMOT_F2,30-11-2023,14:01:00,3912.8999,3913.75,3910.45,3913.75,6650,3076500
EICHERMOT_F2,30-11-2023,14:02:00,3912.5,3912.5,3909.55,3909.55,18725,3076500
EICHERMOT_F2,30-11-2023,14:03:00,3907.0,3910.3999,3907.0,3908.8999,3675,3088400
EICHERMOT_F2,30-11-2023,14:04:00,3910.25,3910.55,3909.0,3910.0,2800,3088400
EICHERMOT_F2,30-11-2023,14:05:00,3910.0,3910.95,3907.1001,3907.45,2975,3088400
EICHERMOT_F2,30-11-2023,14:06:00,3906.25,3908.1499,3905.8999,3908.1499,1050,3086825
EICHERMOT_F2,30-11-2023,14:07:00,3907.25,3910.3999,3906.1001,3907.25,4200,3086825
EICHERMOT_F2,30-11-2023,14:08:00,3907.3,3907.3,3905.05,3905.05,2450,3086825
EICHERMOT_F2,30-11-2023,14:09:00,3906.7,3907.2,3904.3501,3905.75,3150,3088400
EICHERMOT_F2,30-11-2023,14:10:00,3908.25,3911.8501,3907.3501,3907.95,5075,3088400
EICHERMOT_F2,30-11-2023,14:11:00,3906.2,3907.3999,3906.05,3907.3999,2800,3088400
EICHERMOT_F2,30-11-2023,14:12:00,3905.6001,3905.6001,3902.0,3904.25,3325,3092250
EICHERMOT_F2,30-11-2023,14:13:00,3901.2,3902.8999,3898.1499,3901.55,8400,3092250
EICHERMOT_F2,30-11-2023,14:14:00,3900.55,3902.45,3899.8,3899.8999,3325,3092250
EICHERMOT_F2,30-11-2023,14:15:00,3899.8999,3902.75,3899.8501,3901.0,2275,3093475
EICHERMOT_F2,30-11-2023,14:16:00,3901.0,3903.05,3899.7,3900.7,4375,3093475
EICHERMOT_F2,30-11-2023,14:17:00,3901.25,3901.25,3899.05,3899.05,2100,3093475
EICHERMOT_F2,30-11-2023,14:18:00,3901.1001,3901.1001,3897.6499,3897.6499,1925,3095925
EICHERMOT_F2,30-11-2023,14:19:00,3896.0,3898.95,3896.0,3897.6499,3500,3095925
EICHERMOT_F2,30-11-2023,14:20:00,3898.55,3898.8999,3896.0,3897.2,2450,3095925
EICHERMOT_F2,30-11-2023,14:21:00,3897.0,3902.25,3896.5,3902.25,4550,3096275
EICHERMOT_F2,30-11-2023,14:22:00,3899.05,3901.8999,3899.05,3900.0,700,3096275
EICHERMOT_F2,30-11-2023,14:23:00,3901.1001,3901.1001,3900.0,3900.0,1225,3096275
EICHERMOT_F2,30-11-2023,14:24:00,3900.8501,3900.8501,3899.25,3899.45,1750,3097675
EICHERMOT_F2,30-11-2023,14:25:00,3899.45,3905.0,3899.25,3905.0,3325,3097675
EICHERMOT_F2,30-11-2023,14:26:00,3906.75,3907.7,3903.3501,3903.95,4375,3097675
EICHERMOT_F2,30-11-2023,14:27:00,3903.95,3907.3,3903.1499,3907.3,1750,3099950
EICHERMOT_F2,30-11-2023,14:28:00,3906.75,3908.1001,3905.55,3905.55,2800,3099950
EICHERMOT_F2,30-11-2023,14:29:00,3905.55,3906.75,3903.0,3903.0,3500,3099950
EICHERMOT_F2,30-11-2023,14:30:00,3904.0,3909.05,3904.0,3904.75,6125,3102050
EICHERMOT_F2,30-11-2023,14:31:00,3906.2,3906.2,3902.5,3904.55,6125,3102050
EICHERMOT_F2,30-11-2023,14:32:00,3905.05,3907.05,3902.7,3903.1499,3325,3102050
EICHERMOT_F2,30-11-2023,14:33:00,3902.7,3903.6499,3898.0,3899.8999,5250,3104675
EICHERMOT_F2,30-11-2023,14:34:00,3900.0,3900.05,3897.5,3898.8501,3150,3104675
EICHERMOT_F2,30-11-2023,14:35:00,3900.8501,3900.8501,3896.3999,3898.45,4200,3104675
EICHERMOT_F2,30-11-2023,14:36:00,3899.6499,3906.05,3899.25,3905.05,4900,3108000
EICHERMOT_F2,30-11-2023,14:37:00,3902.1001,3903.3999,3900.0,3900.0,2450,3108000
EICHERMOT_F2,30-11-2023,14:38:00,3901.6001,3901.8,3900.0,3900.0,1750,3108000
EICHERMOT_F2,30-11-2023,14:39:00,3900.0,3908.3501,3900.0,3908.3501,8925,3110975
EICHERMOT_F2,30-11-2023,14:40:00,3907.6001,3913.95,3906.3501,3910.75,11900,3110975
EICHERMOT_F2,30-11-2023,14:41:00,3910.75,3917.1001,3910.6001,3915.8501,8750,3110975
EICHERMOT_F2,30-11-2023,14:42:00,3915.8501,3917.1001,3914.6001,3916.5,4375,3124625
EICHERMOT_F2,30-11-2023,14:43:00,3916.25,3917.95,3915.6499,3916.6499,2275,3124625
EICHERMOT_F2,30-11-2023,14:44:00,3916.7,3918.95,3915.3,3918.0,2275,3124625
EICHERMOT_F2,30-11-2023,14:45:00,3918.8999,3918.8999,3914.95,3916.8501,3150,3125850
EICHERMOT_F2,30-11-2023,14:46:00,3915.6001,3918.8501,3914.6001,3916.0,3150,3125850
EICHERMOT_F2,30-11-2023,14:47:00,3916.0,3916.0,3911.3501,3911.3501,5775,3125850
EICHERMOT_F2,30-11-2023,14:48:00,3912.3,3913.55,3912.3,3913.55,1050,3126725
EICHERMOT_F2,30-11-2023,14:49:00,3913.55,3917.0,3913.45,3917.0,2800,3126725
EICHERMOT_F2,30-11-2023,14:50:00,3917.0,3918.1499,3916.1001,3918.1001,1750,3126725
EICHERMOT_F2,30-11-2023,14:51:00,3918.1001,3923.95,3918.1001,3921.8999,8050,3132500
EICHERMOT_F2,30-11-2023,14:52:00,3922.05,3925.0,3920.8501,3920.8501,7350,3132500
EICHERMOT_F2,30-11-2023,14:53:00,3920.3501,3921.8,3919.95,3921.6001,1400,3132500
EICHERMOT_F2,30-11-2023,14:54:00,3920.2,3921.3501,3917.5,3919.25,7000,3128650
EICHERMOT_F2,30-11-2023,14:55:00,3917.8,3920.0,3917.45,3920.0,1400,3128650
EICHERMOT_F2,30-11-2023,14:56:00,3917.3999,3919.7,3916.1001,3918.1001,1225,3128650
EICHERMOT_F2,30-11-2023,14:57:00,3918.1001,3920.95,3917.45,3920.95,3150,3131275
EICHERMOT_F2,30-11-2023,14:58:00,3921.0,3921.5,3920.45,3920.45,700,3131275
EICHERMOT_F2,30-11-2023,14:59:00,3920.75,3920.75,3919.7,3919.7,525,3131275
EICHERMOT_F2,30-11-2023,15:00:00,3920.6499,3925.3501,3918.8,3925.3501,9800,3134250
EICHERMOT_F2,30-11-2023,15:01:00,3925.7,3931.0,3922.1499,3922.1499,25900,3134250
EICHERMOT_F2,30-11-2023,15:02:00,3920.75,3926.45,3918.8,3921.1001,7175,3134250
EICHERMOT_F2,30-11-2023,15:03:00,3921.1499,3924.2,3921.1499,3922.95,4725,3147375
EICHERMOT_F2,30-11-2023,15:04:00,3923.25,3935.0,3923.25,3934.55,11200,3147375
EICHERMOT_F2,30-11-2023,15:05:00,3933.1499,3936.8999,3933.1499,3936.7,6475,3147375
EICHERMOT_F2,30-11-2023,15:06:00,3934.05,3934.45,3927.25,3930.1001,6125,3152275
EICHERMOT_F2,30-11-2023,15:07:00,3930.1001,3934.95,3929.55,3934.8999,10150,3152275
EICHERMOT_F2,30-11-2023,15:08:00,3933.95,3936.0,3931.1001,3936.0,5425,3152275
EICHERMOT_F2,30-11-2023,15:09:00,3935.25,3935.5,3932.1499,3932.1499,4725,3161375
EICHERMOT_F2,30-11-2023,15:10:00,3932.55,3933.5,3921.1499,3923.8501,7350,3161375
EICHERMOT_F2,30-11-2023,15:11:00,3923.1001,3926.8,3921.1499,3924.6001,6825,3161375
EICHERMOT_F2,30-11-2023,15:12:00,3924.6001,3924.95,3922.3,3924.2,3500,3164350
EICHERMOT_F2,30-11-2023,15:13:00,3924.1499,3924.6001,3923.05,3924.2,4375,3164350
EICHERMOT_F2,30-11-2023,15:14:00,3923.95,3924.95,3922.5,3924.1499,6300,3164350
EICHERMOT_F2,30-11-2023,15:15:00,3924.1499,3924.1499,3923.7,3923.7,7350,3172225
EICHERMOT_F2,30-11-2023,15:16:00,3922.05,3922.05,3920.0,3921.55,8225,3172225
EICHERMOT_F2,30-11-2023,15:17:00,3921.05,3922.3,3920.3,3920.3,5775,3172225
EICHERMOT_F2,30-11-2023,15:18:00,3921.55,3924.95,3920.95,3924.95,19425,3177825
EICHERMOT_F2,30-11-2023,15:19:00,3925.0,3932.8999,3925.0,3932.8,20475,3177825
EICHERMOT_F2,30-11-2023,15:20:00,3931.8999,3932.8999,3929.6001,3930.5,7000,3177825
EICHERMOT_F2,30-11-2023,15:21:00,3930.5,3932.0,3928.6499,3932.0,4200,3178875
EICHERMOT_F2,30-11-2023,15:22:00,3932.6499,3932.6499,3926.6001,3926.6001,6125,3178875
EICHERMOT_F2,30-11-2023,15:23:00,3927.0,3929.1001,3927.0,3928.5,3500,3178875
EICHERMOT_F2,30-11-2023,15:24:00,3926.8501,3928.6499,3922.55,3924.45,7000,3181150
EICHERMOT_F2,30-11-2023,15:25:00,3924.45,3928.45,3924.45,3925.95,7525,3181150
EICHERMOT_F2,30-11-2023,15:26:00,3925.95,3930.7,3925.3999,3928.95,29050,3181150
EICHERMOT_F2,30-11-2023,15:27:00,3930.0,3932.1001,3921.0,3924.25,17675,3200225
EICHERMOT_F2,30-11-2023,15:28:00,3928.45,3929.95,3917.3,3918.8,10500,3200225
EICHERMOT_F2,30-11-2023,15:29:00,3917.55,3928.3999,3917.0,3925.0,12950,3200225
