<ticker>,<date>,<time>,<open>,<high>,<low>,<close>,<volume>,<OI> ,
BSOFT_F2,07/03/2023,09:15:00,365.3500,365.3500,365.3500,365.3500,4001,162000,
BSOFT_F2,07/03/2023,09:17:00,363.4500,363.4500,363.4500,363.4500,4000,164000,
BSOFT_F2,07/03/2023,09:19:00,363.4500,364.5000,363.4500,364.5000,4000,164000,
BSOFT_F2,07/03/2023,09:21:00,363.5000,363.5000,363.5000,363.5000,2000,170000,
BSOFT_F2,07/03/2023,09:22:00,363.1000,363.1000,362.6500,362.6500,6000,170000,
BSOFT_F2,07/03/2023,09:25:00,361.8500,361.8500,361.8500,361.8500,2000,174000,
BSOFT_F2,07/03/2023,09:26:00,361.8000,361.8000,361.8000,361.8000,4000,176000,
BSOFT_F2,07/03/2023,09:30:00,360.2000,360.2000,360.2000,360.2000,4000,174000,
BSOFT_F2,07/03/2023,09:31:00,360.2000,360.2000,360.2000,360.2000,4000,174000,
BSOFT_F2,07/03/2023,09:35:00,360.8500,360.8500,360.8500,360.8500,2000,174000,
BSOFT_F2,07/03/2023,09:36:00,360.0000,360.0000,360.0000,360.0000,4000,174000,
BSOFT_F2,07/03/2023,09:39:00,359.1000,359.1000,359.1000,359.1000,2000,174000,
BSOFT_F2,07/03/2023,09:42:00,359.1000,359.1000,359.1000,359.1000,2000,172000,
BSOFT_F2,07/03/2023,09:45:00,359.6000,359.6000,359.6000,359.6000,2000,170000,
BSOFT_F2,07/03/2023,09:46:00,360.2000,360.2000,360.2000,360.2000,2000,170000,
BSOFT_F2,07/03/2023,09:47:00,359.8500,359.8500,359.8500,359.8500,4000,174000,
BSOFT_F2,07/03/2023,09:48:00,360.2000,360.2000,360.2000,360.2000,2000,174000,
BSOFT_F2,07/03/2023,10:03:00,359.4000,359.4000,359.4000,359.4000,2000,172000,
BSOFT_F2,07/03/2023,10:04:00,359.4000,359.4000,359.4000,359.4000,2000,172000,
BSOFT_F2,07/03/2023,10:09:00,358.8000,358.8000,358.7000,358.7000,4000,174000,
BSOFT_F2,07/03/2023,10:10:00,358.5000,358.5000,358.5000,358.5000,2000,174000,
BSOFT_F2,07/03/2023,10:19:00,358.0000,358.0000,358.0000,358.0000,2000,174000,
BSOFT_F2,07/03/2023,10:47:00,358.0000,358.0000,358.0000,358.0000,2000,174000,
BSOFT_F2,07/03/2023,10:50:00,357.8500,357.8500,357.8500,357.8500,2000,176000,
BSOFT_F2,07/03/2023,11:01:00,357.5000,357.5000,356.7000,356.7000,6000,178000,
BSOFT_F2,07/03/2023,11:22:00,356.7000,356.7000,356.7000,356.7000,4000,180000,
BSOFT_F2,07/03/2023,11:25:00,357.0500,357.0500,357.0500,357.0500,4000,182000,
BSOFT_F2,07/03/2023,11:27:00,357.1000,357.1000,357.1000,357.1000,2000,182000,
BSOFT_F2,07/03/2023,11:41:00,357.1000,357.1000,357.1000,357.1000,2000,182000,
BSOFT_F2,07/03/2023,11:59:00,355.7500,355.7500,355.7500,355.7500,2000,184000,
BSOFT_F2,07/03/2023,12:27:00,355.7500,355.7500,355.7500,355.7500,2000,184000,
BSOFT_F2,07/03/2023,12:36:00,358.3000,358.3000,358.3000,358.3000,2000,184000,
BSOFT_F2,07/03/2023,12:37:00,358.5500,358.5500,358.5500,358.5500,2000,184000,
BSOFT_F2,07/03/2023,12:40:00,358.3500,358.3500,358.3500,358.3500,2000,184000,
BSOFT_F2,07/03/2023,12:43:00,357.6000,357.6000,357.6000,357.6000,2000,188000,
BSOFT_F2,07/03/2023,13:04:00,358.1500,358.1500,358.1500,358.1500,2000,190000,
BSOFT_F2,07/03/2023,13:05:00,358.4500,358.4500,358.4500,358.4500,4000,190000,
BSOFT_F2,07/03/2023,13:18:00,358.9500,358.9500,358.9500,358.9500,2000,190000,
BSOFT_F2,07/03/2023,13:59:00,359.1500,359.1500,358.7500,358.7500,4000,190000,
BSOFT_F2,07/03/2023,14:04:00,358.6500,358.6500,358.6500,358.6500,2000,192000,
BSOFT_F2,07/03/2023,14:49:00,357.2000,357.2000,357.2000,357.2000,4000,192000,
BSOFT_F2,07/03/2023,14:50:00,357.2000,357.2000,357.2000,357.2000,2000,192000,
BSOFT_F2,07/03/2023,15:01:00,357.7500,357.7500,357.7500,357.7500,2000,194000,
BSOFT_F2,07/03/2023,15:21:00,356.8000,356.8000,356.8000,356.8000,2000,196000,
BSOFT_F2,07/03/2023,15:23:00,356.8000,356.8000,356.8000,356.8000,2000,196000,
BSOFT_F2,07/03/2023,15:29:00,357.6500,357.8000,357.6500,357.8000,4000,192000,
BSOFT_F2,07/04/2023,09:16:00,359.2500,359.2500,359.2500,359.2500,4001,194000,
BSOFT_F2,07/04/2023,09:21:00,357.3000,357.3000,357.3000,357.3000,2000,194000,
BSOFT_F2,07/04/2023,09:37:00,355.1000,355.1000,355.1000,355.1000,2000,194000,
BSOFT_F2,07/04/2023,09:40:00,354.9000,354.9000,353.9000,353.9000,4000,196000,
BSOFT_F2,07/04/2023,09:45:00,353.9000,353.9000,353.9000,353.9000,2000,198000,
BSOFT_F2,07/04/2023,09:54:00,357.2000,357.2000,357.2000,357.2000,2000,200000,
BSOFT_F2,07/04/2023,10:00:00,354.0000,354.1500,354.0000,354.1500,4000,202000,
BSOFT_F2,07/04/2023,10:18:00,354.2500,354.2500,354.2500,354.2500,2000,204000,
BSOFT_F2,07/04/2023,10:31:00,354.0500,354.0500,354.0500,354.0500,2000,204000,
BSOFT_F2,07/04/2023,10:39:00,354.0000,354.0000,354.0000,354.0000,2000,202000,
BSOFT_F2,07/04/2023,10:54:00,355.1000,355.2500,355.1000,355.2500,4000,204000,
BSOFT_F2,07/04/2023,10:56:00,355.4000,355.4000,355.4000,355.4000,2000,204000,
BSOFT_F2,07/04/2023,10:57:00,354.4500,354.4500,354.4500,354.4500,6000,210000,
BSOFT_F2,07/04/2023,11:04:00,353.8500,353.8500,353.8500,353.8500,2000,216000,
BSOFT_F2,07/04/2023,11:59:00,353.8500,353.8500,353.8500,353.8500,2000,218000,
BSOFT_F2,07/04/2023,12:04:00,354.6000,354.6000,354.6000,354.6000,2000,220000,
BSOFT_F2,07/04/2023,12:17:00,354.0500,354.0500,354.0500,354.0500,8000,218000,
BSOFT_F2,07/04/2023,12:39:00,354.5000,354.5000,354.5000,354.5000,2000,224000,
BSOFT_F2,07/04/2023,13:02:00,354.0000,354.0000,354.0000,354.0000,4000,224000,
BSOFT_F2,07/04/2023,13:30:00,354.0000,354.0000,354.0000,354.0000,2000,228000,
BSOFT_F2,07/04/2023,13:33:00,353.2000,353.2000,353.2000,353.2000,2000,230000,
BSOFT_F2,07/04/2023,14:11:00,353.2000,353.2000,353.2000,353.2000,2000,230000,
BSOFT_F2,07/04/2023,14:53:00,356.3000,356.3000,356.3000,356.3000,4000,230000,
BSOFT_F2,07/04/2023,15:04:00,356.3000,356.3000,356.3000,356.3000,2000,226000,
BSOFT_F2,07/04/2023,15:12:00,355.8500,355.8500,355.8500,355.8500,2000,224000,
BSOFT_F2,07/04/2023,15:18:00,355.9000,355.9000,355.9000,355.9000,2000,226000,
BSOFT_F2,07/04/2023,15:23:00,356.2000,356.2000,356.2000,356.2000,2000,226000,
BSOFT_F2,07/04/2023,15:24:00,356.7000,356.7000,356.7000,356.7000,4000,224000,
BSOFT_F2,07/04/2023,15:26:00,356.7000,356.7000,356.7000,356.7000,2000,224000,
BSOFT_F2,07/04/2023,15:28:00,357.3000,357.3000,357.0000,357.0000,4000,224000,
BSOFT_F2,07/05/2023,09:15:00,356.6500,356.6500,356.6500,356.6500,2001,228000,
BSOFT_F2,07/05/2023,09:19:00,358.9000,358.9000,358.9000,358.9000,2000,230000,
BSOFT_F2,07/05/2023,09:21:00,358.9000,358.9000,358.9000,358.9000,2000,230000,
BSOFT_F2,07/05/2023,09:22:00,355.5500,355.5500,355.5500,355.5500,2000,230000,
BSOFT_F2,07/05/2023,09:27:00,355.5500,355.5500,355.5500,355.5500,2000,232000,
BSOFT_F2,07/05/2023,09:28:00,356.5000,356.5000,356.5000,356.5000,2000,232000,
BSOFT_F2,07/05/2023,09:34:00,356.0000,356.0000,356.0000,356.0000,2000,228000,
BSOFT_F2,07/05/2023,09:36:00,356.6000,356.6000,356.6000,356.6000,2000,226000,
BSOFT_F2,07/05/2023,10:21:00,355.0000,355.0000,355.0000,355.0000,4000,228000,
BSOFT_F2,07/05/2023,10:24:00,355.0000,355.0000,355.0000,355.0000,2000,228000,
BSOFT_F2,07/05/2023,10:44:00,354.5500,354.5500,354.5500,354.5500,2000,228000,
BSOFT_F2,07/05/2023,10:46:00,354.2500,354.2500,354.2500,354.2500,2000,226000,
BSOFT_F2,07/05/2023,11:38:00,354.2500,354.2500,354.2500,354.2500,2000,226000,
BSOFT_F2,07/05/2023,12:01:00,354.0500,354.0500,354.0500,354.0500,2000,228000,
BSOFT_F2,07/05/2023,12:08:00,353.8500,353.8500,353.8500,353.8500,2000,228000,
BSOFT_F2,07/05/2023,13:38:00,353.5000,353.5000,353.5000,353.5000,4000,226000,
BSOFT_F2,07/05/2023,14:19:00,353.5000,353.5000,353.5000,353.5000,2000,228000,
BSOFT_F2,07/05/2023,14:21:00,356.4500,356.4500,356.4500,356.4500,2000,228000,
BSOFT_F2,07/05/2023,14:26:00,354.3000,354.3000,354.3000,354.3000,2000,230000,
BSOFT_F2,07/05/2023,14:31:00,355.9000,355.9000,355.9000,355.9000,2000,228000,
BSOFT_F2,07/05/2023,15:19:00,355.9500,355.9500,355.9500,355.9500,2000,230000,
BSOFT_F2,07/05/2023,15:21:00,356.0500,356.0500,356.0500,356.0500,2000,230000,
BSOFT_F2,07/05/2023,15:23:00,356.3500,356.4000,356.3500,356.4000,4000,226000,
BSOFT_F2,07/06/2023,09:18:00,357.0000,357.0000,357.0000,357.0000,2001,226000,
BSOFT_F2,07/06/2023,09:19:00,357.7500,357.7500,357.7500,357.7500,2000,226000,
BSOFT_F2,07/06/2023,09:22:00,357.7500,357.7500,357.7500,357.7500,10000,222000,
BSOFT_F2,07/06/2023,09:25:00,354.0000,354.0000,354.0000,354.0000,2000,232000,
BSOFT_F2,07/06/2023,09:27:00,354.0000,354.0000,354.0000,354.0000,2000,234000,
BSOFT_F2,07/06/2023,09:40:00,356.7500,356.7500,356.7500,356.7500,12000,232000,
BSOFT_F2,07/06/2023,09:43:00,357.5000,357.5000,356.5000,356.5000,10000,228000,
BSOFT_F2,07/06/2023,09:47:00,355.7500,355.7500,355.7500,355.7500,2000,226000,
BSOFT_F2,07/06/2023,09:50:00,354.2500,354.2500,354.2500,354.2500,4000,228000,
BSOFT_F2,07/06/2023,09:52:00,354.0000,354.0000,354.0000,354.0000,2000,228000,
BSOFT_F2,07/06/2023,09:55:00,355.0000,355.8000,355.0000,355.8000,14000,226000,
BSOFT_F2,07/06/2023,09:57:00,355.6500,355.6500,355.6500,355.6500,12000,226000,
BSOFT_F2,07/06/2023,10:05:00,356.6500,356.6500,356.6500,356.6500,4000,224000,
BSOFT_F2,07/06/2023,10:35:00,355.0000,355.0000,355.0000,355.0000,8000,226000,
BSOFT_F2,07/06/2023,10:46:00,354.7000,354.7000,354.7000,354.7000,2000,218000,
BSOFT_F2,07/06/2023,10:58:00,354.9000,354.9000,354.9000,354.9000,2000,218000,
BSOFT_F2,07/06/2023,11:06:00,354.0000,354.0000,354.0000,354.0000,2000,218000,
BSOFT_F2,07/06/2023,11:49:00,353.0000,353.0000,353.0000,353.0000,2000,220000,
BSOFT_F2,07/06/2023,11:52:00,353.0000,353.0000,353.0000,353.0000,2000,220000,
BSOFT_F2,07/06/2023,11:54:00,352.0000,352.0000,352.0000,352.0000,2000,222000,
BSOFT_F2,07/06/2023,11:56:00,352.0000,352.0000,352.0000,352.0000,2000,222000,
BSOFT_F2,07/06/2023,12:06:00,352.1000,352.1000,352.1000,352.1000,2000,222000,
BSOFT_F2,07/06/2023,12:29:00,352.3000,352.3000,352.3000,352.3000,2000,222000,
BSOFT_F2,07/06/2023,12:41:00,352.8500,352.8500,352.8500,352.8500,2000,222000,
BSOFT_F2,07/06/2023,12:43:00,353.3000,353.3000,353.3000,353.3000,4000,222000,
BSOFT_F2,07/06/2023,13:23:00,355.2000,355.2000,355.2000,355.2000,2000,222000,
BSOFT_F2,07/06/2023,13:25:00,355.3000,355.3000,355.3000,355.3000,2000,220000,
BSOFT_F2,07/06/2023,13:28:00,355.2000,355.2000,355.2000,355.2000,2000,218000,
BSOFT_F2,07/06/2023,13:34:00,355.0000,355.0000,355.0000,355.0000,2000,216000,
BSOFT_F2,07/06/2023,14:47:00,354.9500,354.9500,354.9500,354.9500,2000,216000,
BSOFT_F2,07/06/2023,15:15:00,355.6000,355.6000,355.6000,355.6000,2000,216000,
BSOFT_F2,07/06/2023,15:21:00,356.0000,356.0000,356.0000,356.0000,2000,214000,
BSOFT_F2,07/06/2023,15:22:00,355.8500,355.8500,355.8500,355.8500,2000,214000,
BSOFT_F2,07/06/2023,15:23:00,355.8500,355.8500,355.8500,355.8500,2000,214000,
BSOFT_F2,07/07/2023,09:16:00,358.0000,359.8000,358.0000,359.8000,4002,212000,
BSOFT_F2,07/07/2023,09:17:00,360.0000,360.0000,358.6500,358.6500,8000,214000,
BSOFT_F2,07/07/2023,09:21:00,358.0000,358.0000,358.0000,358.0000,2000,212000,
BSOFT_F2,07/07/2023,09:25:00,359.1500,359.1500,359.1500,359.1500,4000,214000,
BSOFT_F2,07/07/2023,09:27:00,359.0000,359.0000,359.0000,359.0000,2000,216000,
BSOFT_F2,07/07/2023,09:28:00,357.9500,357.9500,357.9500,357.9500,2000,216000,
BSOFT_F2,07/07/2023,09:32:00,357.7000,357.7000,357.7000,357.7000,2000,214000,
BSOFT_F2,07/07/2023,09:38:00,357.2000,357.2000,357.0000,357.0000,4000,216000,
BSOFT_F2,07/07/2023,09:40:00,357.0000,357.6500,357.0000,357.6500,6000,216000,
BSOFT_F2,07/07/2023,09:54:00,360.0000,360.0000,360.0000,360.0000,2000,222000,
BSOFT_F2,07/07/2023,10:02:00,359.5000,359.5000,359.5000,359.5000,2000,222000,
BSOFT_F2,07/07/2023,10:08:00,361.1500,361.1500,361.1500,361.1500,10000,222000,
BSOFT_F2,07/07/2023,10:10:00,361.1500,361.1500,361.1500,361.1500,2000,232000,
BSOFT_F2,07/07/2023,10:12:00,361.1500,361.1500,361.1500,361.1500,2000,230000,
BSOFT_F2,07/07/2023,10:24:00,361.8000,361.8000,361.8000,361.8000,2000,230000,
BSOFT_F2,07/07/2023,10:25:00,361.8500,361.8500,361.8500,361.8500,2000,230000,
BSOFT_F2,07/07/2023,10:26:00,362.4500,362.4500,362.4500,362.4500,4000,230000,
BSOFT_F2,07/07/2023,10:28:00,362.4500,362.4500,362.4500,362.4500,2000,232000,
BSOFT_F2,07/07/2023,10:31:00,360.9000,360.9000,360.9000,360.9000,2000,230000,
BSOFT_F2,07/07/2023,10:34:00,359.6500,359.6500,359.6500,359.6500,2000,230000,
BSOFT_F2,07/07/2023,10:41:00,358.0500,358.0500,358.0500,358.0500,2000,230000,
BSOFT_F2,07/07/2023,10:42:00,358.0000,358.0000,358.0000,358.0000,2000,230000,
BSOFT_F2,07/07/2023,10:48:00,356.6000,356.6000,356.6000,356.6000,2000,230000,
BSOFT_F2,07/07/2023,10:50:00,356.6000,356.6000,356.6000,356.6000,4000,230000,
BSOFT_F2,07/07/2023,10:54:00,355.9000,355.9000,355.9000,355.9000,2000,232000,
BSOFT_F2,07/07/2023,10:55:00,355.9000,355.9000,355.9000,355.9000,2000,232000,
BSOFT_F2,07/07/2023,11:01:00,355.8500,355.8500,355.8500,355.8500,8000,234000,
BSOFT_F2,07/07/2023,11:03:00,355.8000,355.8000,355.8000,355.8000,2000,232000,
BSOFT_F2,07/07/2023,11:14:00,355.8000,355.8000,355.8000,355.8000,2000,234000,
BSOFT_F2,07/07/2023,11:23:00,357.5000,357.5000,357.5000,357.5000,2000,236000,
BSOFT_F2,07/07/2023,11:29:00,355.8000,355.8000,355.8000,355.8000,4000,238000,
BSOFT_F2,07/07/2023,11:40:00,355.0000,355.0000,355.0000,355.0000,6000,238000,
BSOFT_F2,07/07/2023,12:06:00,355.0000,356.2500,355.0000,356.2500,6000,234000,
BSOFT_F2,07/07/2023,12:09:00,356.3500,356.3500,356.3500,356.3500,2000,238000,
BSOFT_F2,07/07/2023,12:26:00,356.0000,356.0000,356.0000,356.0000,2000,238000,
BSOFT_F2,07/07/2023,14:00:00,357.7000,357.7000,357.7000,357.7000,2000,238000,
BSOFT_F2,07/07/2023,14:05:00,357.0000,357.0000,357.0000,357.0000,2000,238000,
BSOFT_F2,07/07/2023,14:32:00,357.5000,357.5000,357.5000,357.5000,2000,236000,
BSOFT_F2,07/07/2023,14:45:00,358.1000,358.1000,358.1000,358.1000,2000,236000,
BSOFT_F2,07/07/2023,14:50:00,358.1000,358.1000,358.1000,358.1000,4000,236000,
BSOFT_F2,07/07/2023,15:00:00,357.3500,357.3500,357.3500,357.3500,2000,232000,
BSOFT_F2,07/07/2023,15:20:00,356.6500,356.6500,356.0000,356.0000,12000,230000,
BSOFT_F2,07/07/2023,15:21:00,356.0000,356.0000,356.0000,356.0000,2000,238000,
BSOFT_F2,07/07/2023,15:23:00,356.0000,356.0000,356.0000,356.0000,4000,238000,
BSOFT_F2,07/07/2023,15:25:00,355.6500,355.6500,355.6500,355.6500,4000,238000,
BSOFT_F2,07/10/2023,09:18:00,352.2000,352.2000,352.1500,352.1500,4002,238000,
BSOFT_F2,07/10/2023,09:22:00,349.3500,349.3500,349.3500,349.3500,4000,236000,
BSOFT_F2,07/10/2023,09:26:00,349.3500,349.3500,349.3500,349.3500,4000,240000,
BSOFT_F2,07/10/2023,09:28:00,350.3500,350.3500,350.3500,350.3500,2000,240000,
BSOFT_F2,07/10/2023,09:34:00,350.0000,350.0000,350.0000,350.0000,2000,240000,
BSOFT_F2,07/10/2023,09:38:00,348.0000,348.0000,348.0000,348.0000,2000,242000,
BSOFT_F2,07/10/2023,09:41:00,348.0000,348.0000,348.0000,348.0000,2000,242000,
BSOFT_F2,07/10/2023,09:42:00,349.8500,349.8500,349.8500,349.8500,2000,240000,
BSOFT_F2,07/10/2023,09:44:00,349.7000,349.7000,349.7000,349.7000,2000,240000,
BSOFT_F2,07/10/2023,09:48:00,348.9500,348.9500,348.9500,348.9500,2000,240000,
BSOFT_F2,07/10/2023,09:50:00,348.0000,348.0000,348.0000,348.0000,2000,240000,
BSOFT_F2,07/10/2023,09:51:00,348.2500,348.2500,348.2500,348.2500,4000,242000,
BSOFT_F2,07/10/2023,09:56:00,348.5500,348.5500,348.5500,348.5500,2000,244000,
BSOFT_F2,07/10/2023,09:57:00,346.5000,346.5000,346.5000,346.5000,4000,246000,
BSOFT_F2,07/10/2023,09:58:00,346.8500,346.8500,346.8500,346.8500,6000,246000,
BSOFT_F2,07/10/2023,09:59:00,347.7000,347.7000,347.7000,347.7000,2000,242000,
BSOFT_F2,07/10/2023,10:07:00,348.4500,348.4500,348.4500,348.4500,2000,244000,
BSOFT_F2,07/10/2023,10:12:00,350.3000,350.3000,350.3000,350.3000,2000,244000,
BSOFT_F2,07/10/2023,10:18:00,351.0000,351.0000,351.0000,351.0000,2000,242000,
BSOFT_F2,07/10/2023,10:20:00,350.9000,350.9000,350.9000,350.9000,2000,242000,
BSOFT_F2,07/10/2023,10:23:00,352.0000,352.0000,352.0000,352.0000,2000,242000,
BSOFT_F2,07/10/2023,10:28:00,352.6000,352.6000,352.6000,352.6000,2000,240000,
BSOFT_F2,07/10/2023,10:30:00,352.6000,352.6000,352.6000,352.6000,4000,242000,
BSOFT_F2,07/10/2023,10:42:00,351.6000,351.6000,351.6000,351.6000,2000,246000,
BSOFT_F2,07/10/2023,10:46:00,351.3000,351.3000,351.3000,351.3000,4000,244000,
BSOFT_F2,07/10/2023,11:01:00,351.3000,351.3000,351.3000,351.3000,2000,246000,
BSOFT_F2,07/10/2023,11:05:00,351.0000,351.0000,351.0000,351.0000,2000,248000,
BSOFT_F2,07/10/2023,11:16:00,350.2500,350.2500,350.2500,350.2500,2000,250000,
BSOFT_F2,07/10/2023,11:46:00,349.7500,349.7500,349.7500,349.7500,2000,248000,
BSOFT_F2,07/10/2023,11:50:00,350.0000,350.0000,350.0000,350.0000,2000,246000,
BSOFT_F2,07/10/2023,11:51:00,350.0000,350.0000,350.0000,350.0000,2000,246000,
BSOFT_F2,07/10/2023,12:05:00,348.8000,348.8000,348.8000,348.8000,4000,246000,
BSOFT_F2,07/10/2023,12:06:00,347.5000,347.5000,347.5000,347.5000,4000,244000,
BSOFT_F2,07/10/2023,12:12:00,348.0000,348.0000,348.0000,348.0000,2000,240000,
BSOFT_F2,07/10/2023,13:58:00,349.8500,349.8500,349.8500,349.8500,2000,242000,
BSOFT_F2,07/10/2023,14:01:00,349.8000,349.8000,349.8000,349.8000,2000,242000,
BSOFT_F2,07/10/2023,14:34:00,348.5000,348.5000,348.5000,348.5000,2000,244000,
BSOFT_F2,07/10/2023,15:01:00,347.0500,347.0500,347.0500,347.0500,2000,246000,
BSOFT_F2,07/10/2023,15:02:00,346.0000,346.0000,346.0000,346.0000,2000,246000,
BSOFT_F2,07/10/2023,15:19:00,346.0000,347.9000,346.0000,347.9000,4000,248000,
BSOFT_F2,07/10/2023,15:23:00,347.9000,347.9000,347.9000,347.9000,2000,246000,
BSOFT_F2,07/10/2023,15:25:00,347.5000,347.5000,347.5000,347.5000,2000,246000,
BSOFT_F2,07/10/2023,15:26:00,347.9000,347.9000,347.9000,347.9000,2000,246000,
BSOFT_F2,07/10/2023,15:28:00,348.5000,348.5000,348.5000,348.5000,2000,246000,
BSOFT_F2,07/11/2023,09:15:00,348.1000,348.1000,348.1000,348.1000,2001,246000,
BSOFT_F2,07/11/2023,09:20:00,351.5000,351.5000,351.5000,351.5000,2000,246000,
BSOFT_F2,07/11/2023,09:34:00,351.5000,351.5000,351.5000,351.5000,2000,244000,
BSOFT_F2,07/11/2023,09:45:00,350.7500,350.7500,350.7500,350.7500,2000,246000,
BSOFT_F2,07/11/2023,09:52:00,351.4000,351.4000,351.4000,351.4000,2000,246000,
BSOFT_F2,07/11/2023,09:54:00,352.1000,352.1000,352.1000,352.1000,4000,246000,
BSOFT_F2,07/11/2023,10:02:00,352.1000,352.1000,352.1000,352.1000,2000,248000,
BSOFT_F2,07/11/2023,10:05:00,352.6500,352.6500,352.6500,352.6500,2000,246000,
BSOFT_F2,07/11/2023,10:11:00,353.4000,353.4000,353.4000,353.4000,2000,246000,
BSOFT_F2,07/11/2023,10:13:00,353.4000,353.4000,353.0000,353.0000,4000,246000,
BSOFT_F2,07/11/2023,10:16:00,353.0000,353.0000,352.9000,352.9000,4000,250000,
BSOFT_F2,07/11/2023,10:18:00,352.5500,352.5500,352.5500,352.5500,6000,252000,
BSOFT_F2,07/11/2023,10:21:00,352.5500,352.5500,352.5500,352.5500,2000,258000,
BSOFT_F2,07/11/2023,10:43:00,351.9000,351.9000,351.9000,351.9000,2000,258000,
BSOFT_F2,07/11/2023,10:44:00,351.6000,351.6000,351.6000,351.6000,6000,258000,
BSOFT_F2,07/11/2023,11:01:00,353.0000,353.0000,353.0000,353.0000,6000,250000,
BSOFT_F2,07/11/2023,11:37:00,353.1500,353.1500,353.1500,353.1500,2000,244000,
BSOFT_F2,07/11/2023,11:47:00,354.9000,354.9000,354.9000,354.9000,2000,242000,
BSOFT_F2,07/11/2023,11:52:00,355.0000,355.0000,355.0000,355.0000,2000,244000,
BSOFT_F2,07/11/2023,11:56:00,355.0000,355.0000,355.0000,355.0000,2000,242000,
BSOFT_F2,07/11/2023,12:03:00,355.0000,355.0000,355.0000,355.0000,2000,244000,
BSOFT_F2,07/11/2023,12:43:00,353.0000,353.0000,353.0000,353.0000,2000,244000,
BSOFT_F2,07/11/2023,12:51:00,355.2000,355.2000,355.2000,355.2000,2000,244000,
BSOFT_F2,07/11/2023,12:55:00,356.0000,356.0000,356.0000,356.0000,2000,244000,
BSOFT_F2,07/11/2023,12:57:00,356.0000,356.0000,356.0000,356.0000,2000,244000,
BSOFT_F2,07/11/2023,13:09:00,355.0000,355.0000,354.3500,354.3500,4000,242000,
BSOFT_F2,07/11/2023,13:20:00,355.0000,355.0000,355.0000,355.0000,2000,242000,
BSOFT_F2,07/11/2023,13:29:00,354.8500,354.8500,354.8500,354.8500,2000,240000,
BSOFT_F2,07/11/2023,13:31:00,355.0000,355.0000,355.0000,355.0000,2000,240000,
BSOFT_F2,07/11/2023,13:48:00,357.0000,357.0000,357.0000,357.0000,2000,240000,
BSOFT_F2,07/11/2023,13:59:00,357.0000,357.0000,357.0000,357.0000,2000,240000,
BSOFT_F2,07/11/2023,14:28:00,356.7000,356.7000,356.7000,356.7000,2000,240000,
BSOFT_F2,07/11/2023,14:32:00,356.3500,356.3500,356.3500,356.3500,2000,242000,
BSOFT_F2,07/11/2023,14:39:00,356.4500,356.4500,356.4500,356.4500,2000,242000,
BSOFT_F2,07/11/2023,14:40:00,356.3000,356.3000,356.3000,356.3000,2000,242000,
BSOFT_F2,07/11/2023,15:12:00,355.4000,355.4000,355.4000,355.4000,2000,244000,
BSOFT_F2,07/11/2023,15:21:00,356.4500,356.4500,356.4500,356.4500,2000,244000,
BSOFT_F2,07/11/2023,15:22:00,356.4000,356.4000,356.4000,356.4000,2000,244000,
BSOFT_F2,07/11/2023,15:24:00,356.6500,356.6500,356.6500,356.6500,2000,244000,
BSOFT_F2,07/12/2023,09:20:00,356.2500,356.2500,356.2500,356.2500,4001,242000,
BSOFT_F2,07/12/2023,09:21:00,354.7000,354.7000,354.7000,354.7000,2000,242000,
BSOFT_F2,07/12/2023,09:26:00,353.0000,353.0000,352.9000,352.9000,8000,240000,
BSOFT_F2,07/12/2023,09:27:00,352.9000,352.9000,352.7500,352.7500,4000,240000,
BSOFT_F2,07/12/2023,09:32:00,352.7500,352.7500,352.7500,352.7500,4000,238000,
BSOFT_F2,07/12/2023,09:49:00,352.7500,352.7500,352.7500,352.7500,2000,240000,
BSOFT_F2,07/12/2023,10:20:00,352.1000,352.1000,352.1000,352.1000,2000,240000,
BSOFT_F2,07/12/2023,11:05:00,351.7000,351.7000,351.7000,351.7000,2000,242000,
BSOFT_F2,07/12/2023,11:19:00,351.7000,351.7000,351.7000,351.7000,2000,244000,
BSOFT_F2,07/12/2023,11:23:00,353.7500,353.7500,353.7500,353.7500,2000,246000,
BSOFT_F2,07/12/2023,12:17:00,351.0000,351.0000,351.0000,351.0000,2000,246000,
BSOFT_F2,07/12/2023,13:33:00,350.4000,350.4000,350.4000,350.4000,2000,246000,
BSOFT_F2,07/12/2023,13:54:00,350.4000,350.4000,350.4000,350.4000,2000,246000,
BSOFT_F2,07/12/2023,14:00:00,351.2000,351.2000,351.2000,351.2000,2000,246000,
BSOFT_F2,07/12/2023,14:07:00,351.8000,351.8000,351.8000,351.8000,2000,246000,
BSOFT_F2,07/12/2023,14:10:00,351.4500,351.4500,351.4500,351.4500,2000,248000,
BSOFT_F2,07/12/2023,14:14:00,351.9000,351.9000,351.9000,351.9000,2000,248000,
BSOFT_F2,07/12/2023,14:28:00,351.6000,351.6000,351.6000,351.6000,2000,250000,
BSOFT_F2,07/12/2023,14:46:00,351.8000,351.8000,351.8000,351.8000,2000,250000,
BSOFT_F2,07/12/2023,15:08:00,351.5000,351.5000,351.5000,351.5000,2000,250000,
BSOFT_F2,07/12/2023,15:12:00,350.8000,350.8000,350.8000,350.8000,2000,250000,
BSOFT_F2,07/12/2023,15:24:00,351.4500,351.4500,351.2500,351.2500,4000,250000,
BSOFT_F2,07/12/2023,15:26:00,351.3000,351.3000,351.3000,351.3000,2000,250000,
BSOFT_F2,07/13/2023,09:19:00,352.8000,352.8000,352.8000,352.8000,2001,250000,
BSOFT_F2,07/13/2023,09:21:00,354.0000,354.0000,354.0000,354.0000,2000,248000,
BSOFT_F2,07/13/2023,09:25:00,354.0000,354.0000,354.0000,354.0000,2000,248000,
BSOFT_F2,07/13/2023,09:26:00,354.0000,354.0000,354.0000,354.0000,2000,248000,
BSOFT_F2,07/13/2023,09:28:00,356.3000,356.3000,356.3000,356.3000,2000,246000,
BSOFT_F2,07/13/2023,09:31:00,356.8000,356.8000,356.8000,356.8000,8000,246000,
BSOFT_F2,07/13/2023,09:32:00,356.5000,357.2000,356.5000,357.2000,4000,246000,
BSOFT_F2,07/13/2023,09:34:00,357.7000,358.0000,357.7000,358.0000,6000,254000,
BSOFT_F2,07/13/2023,09:36:00,358.0000,358.0000,358.0000,358.0000,4000,252000,
BSOFT_F2,07/13/2023,09:43:00,358.0000,358.0000,358.0000,358.0000,2000,252000,
BSOFT_F2,07/13/2023,09:44:00,357.9500,357.9500,357.9500,357.9500,2000,252000,
BSOFT_F2,07/13/2023,09:45:00,358.5000,358.5000,358.5000,358.5000,4000,252000,
BSOFT_F2,07/13/2023,09:48:00,358.5000,358.5000,358.5000,358.5000,2000,248000,
BSOFT_F2,07/13/2023,09:51:00,358.5000,358.5000,358.5000,358.5000,2000,250000,
BSOFT_F2,07/13/2023,09:52:00,359.0000,359.0000,359.0000,359.0000,2000,250000,
BSOFT_F2,07/13/2023,09:53:00,359.5500,359.5500,359.5500,359.5500,2000,250000,
BSOFT_F2,07/13/2023,09:55:00,359.5500,359.5500,359.5500,359.5500,2000,252000,
BSOFT_F2,07/13/2023,09:56:00,360.6000,360.6000,360.6000,360.6000,4000,254000,
BSOFT_F2,07/13/2023,09:57:00,361.0000,361.0000,361.0000,361.0000,6000,254000,
BSOFT_F2,07/13/2023,09:59:00,361.5000,361.5000,361.5000,361.5000,6000,254000,
BSOFT_F2,07/13/2023,10:01:00,362.0000,363.0000,362.0000,362.5000,12000,256000,
BSOFT_F2,07/13/2023,10:02:00,362.6000,362.6000,362.6000,362.6000,4000,256000,
BSOFT_F2,07/13/2023,10:04:00,361.5000,361.5000,361.5000,361.5000,2000,256000,
BSOFT_F2,07/13/2023,10:05:00,362.2500,362.2500,361.6000,361.7000,8000,258000,
BSOFT_F2,07/13/2023,10:06:00,362.6000,362.6000,362.6000,362.6000,4000,258000,
BSOFT_F2,07/13/2023,10:07:00,362.7500,363.0500,362.7500,363.0500,6000,258000,
BSOFT_F2,07/13/2023,10:08:00,362.8500,362.8500,362.8500,362.8500,2000,258000,
BSOFT_F2,07/13/2023,10:13:00,362.4500,362.8500,362.4500,362.8500,4000,260000,
BSOFT_F2,07/13/2023,10:16:00,363.3500,363.4500,363.3500,363.4500,4000,264000,
BSOFT_F2,07/13/2023,10:17:00,365.3000,365.3000,365.3000,365.3000,8000,264000,
BSOFT_F2,07/13/2023,10:19:00,364.2000,364.5000,364.2000,364.5000,10000,264000,
BSOFT_F2,07/13/2023,10:20:00,364.7000,364.7000,364.7000,364.7000,6000,264000,
BSOFT_F2,07/13/2023,10:21:00,365.7500,365.7500,365.7500,365.7500,2000,266000,
BSOFT_F2,07/13/2023,10:22:00,365.7500,366.0000,365.7500,366.0000,8000,266000,
BSOFT_F2,07/13/2023,10:23:00,366.5000,366.5000,366.5000,366.5000,12000,266000,
BSOFT_F2,07/13/2023,10:24:00,366.8500,366.8500,366.8500,366.8500,4000,272000,
BSOFT_F2,07/13/2023,10:26:00,366.8000,366.8000,366.8000,366.8000,2000,272000,
BSOFT_F2,07/13/2023,10:27:00,366.4000,366.4000,366.4000,366.4000,2000,272000,
BSOFT_F2,07/13/2023,10:28:00,366.0000,366.0000,366.0000,366.0000,2000,272000,
BSOFT_F2,07/13/2023,10:29:00,366.0000,366.0000,366.0000,366.0000,4000,272000,
BSOFT_F2,07/13/2023,10:31:00,364.9000,364.9000,364.9000,364.9000,4000,274000,
BSOFT_F2,07/13/2023,10:33:00,365.0000,365.0000,365.0000,365.0000,2000,270000,
BSOFT_F2,07/13/2023,10:34:00,365.3500,365.3500,365.3500,365.3500,2000,270000,
BSOFT_F2,07/13/2023,10:35:00,365.6000,365.6000,365.6000,365.6000,4000,270000,
BSOFT_F2,07/13/2023,10:36:00,366.6000,366.6000,366.6000,366.6000,2000,270000,
BSOFT_F2,07/13/2023,10:38:00,365.5000,365.5000,365.4500,365.4500,4000,272000,
BSOFT_F2,07/13/2023,10:39:00,364.8000,364.8000,364.3000,364.3000,4000,268000,
BSOFT_F2,07/13/2023,10:40:00,363.7000,363.7000,363.7000,363.7000,6000,268000,
BSOFT_F2,07/13/2023,10:41:00,363.5000,363.5000,363.5000,363.5000,2000,268000,
BSOFT_F2,07/13/2023,10:42:00,363.4500,363.4500,363.4500,363.4500,2000,268000,
BSOFT_F2,07/13/2023,10:43:00,363.0500,363.0500,363.0500,363.0500,4000,268000,
BSOFT_F2,07/13/2023,10:46:00,363.7500,363.7500,363.7500,363.7500,92000,266000,
BSOFT_F2,07/13/2023,10:47:00,365.9000,366.5000,365.9000,366.5000,16000,266000,
BSOFT_F2,07/13/2023,10:48:00,366.4000,367.1500,366.4000,367.1500,10000,348000,
BSOFT_F2,07/13/2023,10:49:00,367.1500,367.1500,366.3000,366.3000,4000,348000,
BSOFT_F2,07/13/2023,10:50:00,366.3000,366.3000,366.3000,366.3000,2000,348000,
BSOFT_F2,07/13/2023,10:55:00,366.5000,366.5000,366.5000,366.5000,2000,344000,
BSOFT_F2,07/13/2023,10:57:00,366.1500,366.1500,366.1500,366.1500,6000,344000,
BSOFT_F2,07/13/2023,10:59:00,366.1500,366.1500,365.6000,365.6000,16000,344000,
BSOFT_F2,07/13/2023,11:03:00,366.5500,366.5500,366.5500,366.5500,2000,332000,
BSOFT_F2,07/13/2023,11:06:00,366.5500,366.5500,366.5500,366.5500,8000,334000,
BSOFT_F2,07/13/2023,11:07:00,366.9500,366.9500,366.9500,366.9500,2000,334000,
BSOFT_F2,07/13/2023,11:08:00,367.3000,367.3000,367.3000,367.3000,8000,334000,
BSOFT_F2,07/13/2023,11:10:00,368.1500,368.1500,368.1500,368.1500,6000,332000,
BSOFT_F2,07/13/2023,11:11:00,368.1500,368.1500,367.7000,367.7000,6000,332000,
BSOFT_F2,07/13/2023,11:12:00,368.0000,368.0000,368.0000,368.0000,4000,328000,
BSOFT_F2,07/13/2023,11:14:00,367.3500,367.3500,367.3500,367.3500,2000,328000,
BSOFT_F2,07/13/2023,11:15:00,367.3000,367.3000,367.3000,367.3000,6000,328000,
BSOFT_F2,07/13/2023,11:16:00,367.7000,367.7000,367.1000,367.1000,6000,328000,
BSOFT_F2,07/13/2023,11:17:00,366.1500,366.1500,366.1500,366.1500,2000,328000,
BSOFT_F2,07/13/2023,11:18:00,366.4000,366.4000,365.9500,365.9500,14000,328000,
BSOFT_F2,07/13/2023,11:20:00,366.0000,366.0000,366.0000,366.0000,8000,328000,
BSOFT_F2,07/13/2023,11:21:00,365.3000,365.3000,365.3000,365.3000,2000,324000,
BSOFT_F2,07/13/2023,11:23:00,364.8500,364.8500,364.8500,364.8500,4000,324000,
BSOFT_F2,07/13/2023,11:24:00,364.8500,364.8500,364.5000,364.5000,6000,324000,
BSOFT_F2,07/13/2023,11:25:00,364.3000,364.3000,364.3000,364.3000,2000,324000,
BSOFT_F2,07/13/2023,11:28:00,364.3000,364.3000,364.3000,364.3000,2000,326000,
BSOFT_F2,07/13/2023,11:30:00,364.4500,364.5500,364.4500,364.5000,6000,324000,
BSOFT_F2,07/13/2023,11:34:00,364.9000,365.1000,364.9000,365.1000,4000,322000,
BSOFT_F2,07/13/2023,11:38:00,364.5000,364.5000,364.5000,364.5000,4000,322000,
BSOFT_F2,07/13/2023,11:40:00,363.9000,363.9000,363.9000,363.9000,2000,322000,
BSOFT_F2,07/13/2023,11:55:00,364.0500,364.0500,364.0500,364.0500,2000,322000,
BSOFT_F2,07/13/2023,12:00:00,364.0500,364.0500,364.0500,364.0500,2000,322000,
BSOFT_F2,07/13/2023,12:03:00,363.8000,363.8000,363.8000,363.8000,2000,320000,
BSOFT_F2,07/13/2023,12:16:00,365.6000,365.6000,365.6000,365.6000,2000,318000,
BSOFT_F2,07/13/2023,12:30:00,364.9500,364.9500,364.9500,364.9500,2000,318000,
BSOFT_F2,07/13/2023,12:32:00,365.5000,365.5000,365.5000,365.5000,4000,318000,
BSOFT_F2,07/13/2023,12:39:00,366.0000,366.0000,366.0000,366.0000,6000,314000,
BSOFT_F2,07/13/2023,12:40:00,366.2500,366.2500,366.2500,366.2500,4000,314000,
BSOFT_F2,07/13/2023,12:41:00,366.1500,366.1500,366.1500,366.1500,2000,314000,
BSOFT_F2,07/13/2023,12:45:00,366.1500,366.1500,366.1500,366.1500,2000,314000,
BSOFT_F2,07/13/2023,12:55:00,366.6000,367.3000,366.6000,366.8500,16000,316000,
BSOFT_F2,07/13/2023,12:56:00,366.5000,366.5000,366.5000,366.5000,2000,316000,
BSOFT_F2,07/13/2023,13:01:00,365.8000,365.8000,365.3500,365.3500,4000,320000,
BSOFT_F2,07/13/2023,13:03:00,365.3500,365.3500,365.3500,365.3500,2000,320000,
BSOFT_F2,07/13/2023,13:05:00,365.3000,365.3000,365.3000,365.3000,2000,320000,
BSOFT_F2,07/13/2023,13:08:00,365.3000,365.3000,365.3000,365.3000,2000,322000,
BSOFT_F2,07/13/2023,13:18:00,364.7500,364.7500,364.7500,364.7500,2000,322000,
BSOFT_F2,07/13/2023,13:21:00,364.2500,364.2500,364.2500,364.2500,2000,322000,
BSOFT_F2,07/13/2023,13:22:00,364.2000,364.2000,363.9500,363.9500,8000,322000,
BSOFT_F2,07/13/2023,13:23:00,363.8000,363.8000,363.8000,363.8000,2000,322000,
BSOFT_F2,07/13/2023,13:29:00,364.5500,364.5500,364.5500,364.5500,6000,320000,
BSOFT_F2,07/13/2023,13:33:00,364.0000,364.4500,364.0000,364.4500,4000,324000,
BSOFT_F2,07/13/2023,13:45:00,364.2500,364.2500,364.2500,364.2500,2000,326000,
BSOFT_F2,07/13/2023,13:49:00,364.0000,364.0000,364.0000,364.0000,2000,326000,
BSOFT_F2,07/13/2023,13:51:00,363.3500,363.3500,363.3500,363.3500,2000,326000,
BSOFT_F2,07/13/2023,13:54:00,362.7000,362.7000,362.7000,362.7000,4000,328000,
BSOFT_F2,07/13/2023,13:58:00,362.1500,362.1500,362.1500,362.1500,2000,328000,
BSOFT_F2,07/13/2023,14:02:00,361.3500,361.3500,361.3500,361.3500,12000,326000,
BSOFT_F2,07/13/2023,14:03:00,361.3500,361.3500,361.3500,361.3500,2000,326000,
BSOFT_F2,07/13/2023,14:06:00,361.1000,361.1000,361.1000,361.1000,2000,320000,
BSOFT_F2,07/13/2023,14:07:00,360.9000,360.9000,360.1000,360.1000,18000,320000,
BSOFT_F2,07/13/2023,14:09:00,359.8500,359.8500,359.8500,359.8500,6000,322000,
BSOFT_F2,07/13/2023,14:10:00,359.8500,359.8500,359.8500,359.8500,2000,322000,
BSOFT_F2,07/13/2023,14:11:00,360.0500,360.0500,360.0500,360.0500,2000,322000,
BSOFT_F2,07/13/2023,14:15:00,360.5000,360.5000,360.5000,360.5000,2000,324000,
BSOFT_F2,07/13/2023,14:25:00,362.2500,362.2500,362.2500,362.2500,2000,324000,
BSOFT_F2,07/13/2023,14:28:00,362.9000,362.9000,362.9000,362.9000,2000,324000,
BSOFT_F2,07/13/2023,14:29:00,363.0000,363.0000,363.0000,363.0000,2000,324000,
BSOFT_F2,07/13/2023,14:32:00,362.1000,362.1000,362.1000,362.1000,2000,324000,
BSOFT_F2,07/13/2023,14:40:00,362.1000,362.1000,362.1000,362.1000,2000,322000,
BSOFT_F2,07/13/2023,14:43:00,359.8000,359.8000,359.8000,359.8000,10000,322000,
BSOFT_F2,07/13/2023,14:44:00,359.8000,359.8000,359.8000,359.8000,2000,322000,
BSOFT_F2,07/13/2023,14:46:00,360.0500,360.0500,360.0500,360.0500,2000,322000,
BSOFT_F2,07/13/2023,14:48:00,360.0000,360.0000,360.0000,360.0000,2000,322000,
BSOFT_F2,07/13/2023,14:55:00,360.4000,360.4000,360.0000,360.0000,4000,324000,
BSOFT_F2,07/13/2023,14:59:00,361.1000,361.1000,361.1000,361.1000,2000,326000,
BSOFT_F2,07/13/2023,15:05:00,361.7500,361.7500,361.7500,361.7500,2000,326000,
BSOFT_F2,07/13/2023,15:08:00,361.7500,361.7500,361.7500,361.7500,2000,326000,
BSOFT_F2,07/13/2023,15:10:00,362.3000,362.3000,362.2500,362.2500,4000,328000,
BSOFT_F2,07/13/2023,15:12:00,362.0500,362.0500,362.0500,362.0500,2000,328000,
BSOFT_F2,07/13/2023,15:13:00,362.3500,362.3500,362.3500,362.3500,2000,330000,
BSOFT_F2,07/13/2023,15:14:00,362.3500,362.3500,362.3500,362.3500,2000,330000,
BSOFT_F2,07/13/2023,15:15:00,363.4000,363.4000,363.4000,363.4000,4000,330000,
BSOFT_F2,07/13/2023,15:16:00,363.6500,363.6500,363.6500,363.6500,2000,334000,
BSOFT_F2,07/13/2023,15:20:00,364.1500,364.1500,364.1500,364.1500,2000,334000,
BSOFT_F2,07/13/2023,15:21:00,364.0000,364.0000,363.8500,363.8500,14000,334000,
BSOFT_F2,07/13/2023,15:25:00,363.4500,363.4500,363.4500,363.4500,2000,330000,
BSOFT_F2,07/13/2023,15:26:00,363.5500,363.5500,363.5500,363.5500,2000,330000,
BSOFT_F2,07/13/2023,15:28:00,364.0000,364.0000,364.0000,364.0000,8000,332000,
BSOFT_F2,07/13/2023,15:29:00,364.7500,364.7500,364.7000,364.7000,36000,332000,
BSOFT_F2,07/14/2023,09:15:00,367.0000,367.0000,366.6500,366.6500,6001,328000,
BSOFT_F2,07/14/2023,09:16:00,366.3000,366.3000,366.0000,366.0000,10000,328000,
BSOFT_F2,07/14/2023,09:17:00,365.2500,367.7000,365.2500,367.3500,22000,328000,
BSOFT_F2,07/14/2023,09:18:00,368.2500,368.6000,368.2500,368.6000,8000,328000,
BSOFT_F2,07/14/2023,09:19:00,367.8000,367.8000,366.7000,366.7000,4000,328000,
BSOFT_F2,07/14/2023,09:20:00,367.2500,367.2500,366.0000,366.0000,4000,328000,
BSOFT_F2,07/14/2023,09:21:00,366.5500,366.7000,366.5500,366.7000,4000,338000,
BSOFT_F2,07/14/2023,09:22:00,366.7000,366.7000,366.5500,366.5500,4000,338000,
BSOFT_F2,07/14/2023,09:23:00,367.0000,367.0000,367.0000,367.0000,2000,332000,
BSOFT_F2,07/14/2023,09:25:00,367.2500,367.2500,367.2500,367.2500,6000,332000,
BSOFT_F2,07/14/2023,09:27:00,368.5500,368.5500,368.5500,368.5500,10000,328000,
BSOFT_F2,07/14/2023,09:28:00,367.3000,367.3000,367.3000,367.3000,4000,328000,
BSOFT_F2,07/14/2023,09:29:00,367.2000,367.2000,367.2000,367.2000,2000,334000,
BSOFT_F2,07/14/2023,09:31:00,366.5500,367.0500,366.5500,367.0500,4000,334000,
BSOFT_F2,07/14/2023,09:35:00,367.3000,367.3000,367.1000,367.1000,8000,336000,
BSOFT_F2,07/14/2023,09:38:00,368.4000,368.5000,368.4000,368.5000,12000,336000,
BSOFT_F2,07/14/2023,09:39:00,368.5500,368.5500,368.5500,368.5500,2000,338000,
BSOFT_F2,07/14/2023,09:43:00,368.0500,368.0500,368.0500,368.0500,4000,340000,
BSOFT_F2,07/14/2023,09:47:00,370.4000,370.4000,369.7500,369.7500,10000,340000,
BSOFT_F2,07/14/2023,09:52:00,370.0000,370.0000,370.0000,370.0000,4000,344000,
BSOFT_F2,07/14/2023,09:54:00,369.4500,369.4500,369.4500,369.4500,4000,342000,
BSOFT_F2,07/14/2023,09:56:00,369.5000,369.5000,369.5000,369.5000,2000,342000,
BSOFT_F2,07/14/2023,09:57:00,369.9000,369.9000,369.9000,369.9000,2000,346000,
BSOFT_F2,07/14/2023,09:58:00,370.0000,370.0000,370.0000,370.0000,8000,346000,
BSOFT_F2,07/14/2023,09:59:00,369.8500,369.9000,369.8500,369.9000,6000,350000,
BSOFT_F2,07/14/2023,10:04:00,370.2500,370.2500,370.2500,370.2500,2000,352000,
BSOFT_F2,07/14/2023,10:05:00,371.0500,371.2000,371.0500,371.2000,6000,350000,
BSOFT_F2,07/14/2023,10:06:00,371.2000,371.2000,371.2000,371.2000,2000,350000,
BSOFT_F2,07/14/2023,10:07:00,370.4000,370.4000,370.4000,370.4000,2000,350000,
BSOFT_F2,07/14/2023,10:09:00,370.2500,370.2500,370.2500,370.2500,2000,352000,
BSOFT_F2,07/14/2023,10:10:00,370.2000,370.2000,370.2000,370.2000,2000,352000,
BSOFT_F2,07/14/2023,10:11:00,370.4000,370.5000,370.4000,370.5000,4000,348000,
BSOFT_F2,07/14/2023,10:14:00,370.9500,371.4500,370.9500,371.4500,8000,352000,
BSOFT_F2,07/14/2023,10:15:00,371.7000,371.7000,371.7000,371.7000,4000,352000,
BSOFT_F2,07/14/2023,10:17:00,371.2500,371.2500,371.2500,371.2500,2000,352000,
BSOFT_F2,07/14/2023,10:18:00,370.5000,370.5000,370.3500,370.3500,4000,352000,
BSOFT_F2,07/14/2023,10:20:00,371.5000,371.5000,371.5000,371.5000,2000,352000,
BSOFT_F2,07/14/2023,10:21:00,371.5500,371.7000,371.5500,371.6500,8000,352000,
BSOFT_F2,07/14/2023,10:23:00,371.6500,371.7000,371.6500,371.7000,4000,356000,
BSOFT_F2,07/14/2023,10:24:00,371.5500,371.5500,371.5500,371.5500,2000,356000,
BSOFT_F2,07/14/2023,10:26:00,370.9500,370.9500,370.9500,370.9500,4000,354000,
BSOFT_F2,07/14/2023,10:28:00,371.7000,371.7000,371.7000,371.7000,2000,354000,
BSOFT_F2,07/14/2023,10:31:00,371.0000,371.0000,371.0000,371.0000,2000,354000,
BSOFT_F2,07/14/2023,10:32:00,370.2000,370.5000,370.2000,370.5000,4000,352000,
BSOFT_F2,07/14/2023,10:34:00,370.0000,370.0000,370.0000,370.0000,2000,352000,
BSOFT_F2,07/14/2023,10:35:00,369.7000,369.7000,369.5000,369.5000,6000,352000,
BSOFT_F2,07/14/2023,10:36:00,369.5000,369.5000,369.0500,369.0500,4000,354000,
BSOFT_F2,07/14/2023,10:38:00,369.0000,369.0000,369.0000,369.0000,4000,354000,
BSOFT_F2,07/14/2023,10:39:00,369.0000,369.0000,369.0000,369.0000,2000,354000,
BSOFT_F2,07/14/2023,10:40:00,369.3500,369.3500,369.3500,369.3500,4000,354000,
BSOFT_F2,07/14/2023,10:45:00,369.2500,369.2500,369.2500,369.2500,4000,360000,
BSOFT_F2,07/14/2023,10:48:00,368.8000,370.3000,368.8000,370.3000,6000,358000,
BSOFT_F2,07/14/2023,10:51:00,370.5000,371.0500,370.4500,371.0500,6000,358000,
BSOFT_F2,07/14/2023,10:56:00,371.0500,371.1000,371.0500,371.1000,4000,354000,
BSOFT_F2,07/14/2023,10:57:00,371.3000,371.3000,371.3000,371.3000,2000,354000,
BSOFT_F2,07/14/2023,10:59:00,371.7000,372.0500,371.7000,372.0500,18000,354000,
BSOFT_F2,07/14/2023,11:00:00,372.0500,372.0500,372.0500,372.0500,2000,354000,
BSOFT_F2,07/14/2023,11:07:00,371.4500,371.4500,371.4500,371.4500,2000,344000,
BSOFT_F2,07/14/2023,11:14:00,371.2500,371.2500,371.2500,371.2500,2000,342000,
BSOFT_F2,07/14/2023,11:19:00,371.8500,372.2500,371.8500,372.2500,4000,342000,
BSOFT_F2,07/14/2023,11:21:00,373.0000,373.0000,373.0000,373.0000,4000,344000,
BSOFT_F2,07/14/2023,11:23:00,373.4000,373.4000,373.4000,373.4000,10000,344000,
BSOFT_F2,07/14/2023,11:25:00,373.4000,373.4000,373.4000,373.4000,2000,350000,
BSOFT_F2,07/14/2023,11:26:00,372.7000,372.7000,372.7000,372.7000,2000,348000,
BSOFT_F2,07/14/2023,11:27:00,372.5000,372.5000,372.5000,372.5000,4000,348000,
BSOFT_F2,07/14/2023,11:28:00,373.0000,373.0500,373.0000,373.0500,6000,348000,
BSOFT_F2,07/14/2023,11:34:00,372.4000,372.4000,372.4000,372.4000,2000,350000,
BSOFT_F2,07/14/2023,11:40:00,372.3000,372.3000,372.3000,372.3000,6000,352000,
BSOFT_F2,07/14/2023,11:41:00,372.6000,372.6000,372.6000,372.6000,2000,352000,
BSOFT_F2,07/14/2023,11:42:00,372.8000,373.0000,372.8000,373.0000,8000,360000,
BSOFT_F2,07/14/2023,11:45:00,372.6500,372.6500,372.6500,372.6500,2000,362000,
BSOFT_F2,07/14/2023,11:48:00,371.3000,371.3000,371.3000,371.3000,20000,362000,
BSOFT_F2,07/14/2023,11:49:00,370.8000,370.8000,370.6500,370.6500,6000,362000,
BSOFT_F2,07/14/2023,11:50:00,370.6000,370.6000,370.6000,370.6000,2000,362000,
BSOFT_F2,07/14/2023,11:52:00,370.9500,370.9500,370.9500,370.9500,4000,350000,
BSOFT_F2,07/14/2023,11:57:00,371.3000,371.3000,371.3000,371.3000,2000,346000,
BSOFT_F2,07/14/2023,12:15:00,372.6500,372.6500,372.6500,372.6500,2000,348000,
BSOFT_F2,07/14/2023,12:19:00,373.0000,373.0000,373.0000,373.0000,6000,350000,
BSOFT_F2,07/14/2023,12:20:00,373.2000,373.2000,372.7500,373.0000,8000,350000,
BSOFT_F2,07/14/2023,12:22:00,373.3000,373.3000,373.3000,373.3000,4000,348000,
BSOFT_F2,07/14/2023,12:26:00,373.4000,373.4000,373.4000,373.4000,2000,348000,
BSOFT_F2,07/14/2023,12:27:00,373.9000,373.9000,373.9000,373.9000,8000,350000,
BSOFT_F2,07/14/2023,12:29:00,373.4000,373.4000,373.4000,373.4000,2000,350000,
BSOFT_F2,07/14/2023,12:31:00,374.1000,374.5000,374.1000,374.5000,8000,346000,
BSOFT_F2,07/14/2023,12:33:00,374.5000,374.5000,374.5000,374.5000,2000,346000,
BSOFT_F2,07/14/2023,12:35:00,374.0000,374.0000,374.0000,374.0000,4000,346000,
BSOFT_F2,07/14/2023,12:36:00,374.2500,374.2500,374.2500,374.2500,2000,348000,
BSOFT_F2,07/14/2023,12:44:00,375.0000,375.0000,375.0000,375.0000,4000,350000,
BSOFT_F2,07/14/2023,12:45:00,375.0000,375.0000,375.0000,375.0000,4000,352000,
BSOFT_F2,07/14/2023,12:47:00,375.0000,375.0000,375.0000,375.0000,2000,352000,
BSOFT_F2,07/14/2023,12:49:00,374.8000,374.8000,374.8000,374.8000,2000,356000,
BSOFT_F2,07/14/2023,12:51:00,375.0500,375.0500,375.0500,375.0500,2000,354000,
BSOFT_F2,07/14/2023,12:52:00,375.4000,375.4000,375.4000,375.4000,4000,354000,
BSOFT_F2,07/14/2023,12:55:00,375.7000,375.7000,375.7000,375.7000,6000,352000,
BSOFT_F2,07/14/2023,12:56:00,375.7000,375.7000,374.4000,374.4000,6000,348000,
BSOFT_F2,07/14/2023,12:57:00,374.2000,374.2000,374.2000,374.2000,2000,348000,
BSOFT_F2,07/14/2023,12:59:00,375.3000,375.3000,375.3000,375.3000,2000,348000,
BSOFT_F2,07/14/2023,13:01:00,375.6500,375.6500,375.6500,375.6500,2000,348000,
BSOFT_F2,07/14/2023,13:02:00,375.7000,375.7000,375.7000,375.7000,4000,348000,
BSOFT_F2,07/14/2023,13:03:00,375.7500,375.7500,375.7500,375.7500,2000,348000,
BSOFT_F2,07/14/2023,13:08:00,376.1500,376.1500,376.1500,376.1500,2000,348000,
BSOFT_F2,07/14/2023,13:09:00,376.1500,376.1500,376.1500,376.1500,10000,346000,
BSOFT_F2,07/14/2023,13:10:00,376.1500,376.1500,376.1500,376.1500,2000,346000,
BSOFT_F2,07/14/2023,13:11:00,376.5500,376.8500,376.5500,376.8500,6000,344000,
BSOFT_F2,07/14/2023,13:12:00,377.0000,377.0000,377.0000,377.0000,8000,344000,
BSOFT_F2,07/14/2023,13:13:00,377.0500,377.0500,377.0500,377.0500,2000,344000,
BSOFT_F2,07/14/2023,13:14:00,377.0500,377.0500,376.6000,376.9000,8000,344000,
BSOFT_F2,07/14/2023,13:15:00,376.5000,376.5000,376.5000,376.5000,2000,342000,
BSOFT_F2,07/14/2023,13:16:00,377.0000,377.0500,377.0000,377.0500,4000,342000,
BSOFT_F2,07/14/2023,13:17:00,377.3000,377.3000,377.3000,377.3000,8000,342000,
BSOFT_F2,07/14/2023,13:21:00,376.6500,376.7500,376.6500,376.7500,6000,336000,
BSOFT_F2,07/14/2023,13:22:00,377.0000,377.0000,377.0000,377.0000,2000,336000,
BSOFT_F2,07/14/2023,13:24:00,376.9500,376.9500,376.9500,376.9500,2000,334000,
BSOFT_F2,07/14/2023,13:25:00,376.9500,376.9500,376.9500,376.9500,2000,334000,
BSOFT_F2,07/14/2023,13:26:00,378.7000,378.7000,378.7000,378.7000,16000,334000,
BSOFT_F2,07/14/2023,13:27:00,378.5000,378.6500,378.5000,378.6500,14000,340000,
BSOFT_F2,07/14/2023,13:28:00,378.9000,379.3000,378.9000,379.3000,4000,340000,
BSOFT_F2,07/14/2023,13:30:00,379.3000,379.3000,379.3000,379.3000,4000,336000,
BSOFT_F2,07/14/2023,13:31:00,379.0000,379.0000,378.3500,378.3500,16000,336000,
BSOFT_F2,07/14/2023,13:33:00,378.6500,378.6500,378.6500,378.6500,2000,338000,
BSOFT_F2,07/14/2023,13:34:00,378.4500,378.4500,378.4500,378.4500,2000,338000,
BSOFT_F2,07/14/2023,13:35:00,378.2000,378.2000,378.2000,378.2000,6000,338000,
BSOFT_F2,07/14/2023,13:36:00,378.4000,378.4000,378.4000,378.4000,2000,334000,
BSOFT_F2,07/14/2023,13:37:00,378.5000,378.5000,378.5000,378.5000,2000,334000,
BSOFT_F2,07/14/2023,13:38:00,378.9500,379.0000,378.9500,379.0000,8000,334000,
BSOFT_F2,07/14/2023,13:39:00,379.8000,379.8000,379.8000,379.8000,2000,332000,
BSOFT_F2,07/14/2023,13:40:00,379.8000,380.3000,379.8000,380.3000,20000,332000,
BSOFT_F2,07/14/2023,13:41:00,379.8500,380.0000,379.8500,380.0000,4000,332000,
BSOFT_F2,07/14/2023,13:42:00,380.1000,380.1000,380.1000,380.1000,2000,334000,
BSOFT_F2,07/14/2023,13:49:00,379.5000,379.5000,378.6000,378.6000,4000,334000,
BSOFT_F2,07/14/2023,13:50:00,379.3000,379.3000,379.3000,379.3000,4000,334000,
BSOFT_F2,07/14/2023,13:51:00,380.3000,380.3000,380.3000,380.3000,2000,332000,
BSOFT_F2,07/14/2023,13:53:00,380.1500,380.1500,380.1500,380.1500,2000,332000,
BSOFT_F2,07/14/2023,13:54:00,379.4500,379.4500,379.4500,379.4500,2000,330000,
BSOFT_F2,07/14/2023,13:55:00,379.4500,379.8500,379.4500,379.8500,4000,330000,
BSOFT_F2,07/14/2023,13:56:00,379.8500,379.8500,379.8500,379.8500,2000,330000,
BSOFT_F2,07/14/2023,13:58:00,380.6500,380.7500,380.6500,380.7500,6000,332000,
BSOFT_F2,07/14/2023,14:00:00,380.8500,381.1500,380.8500,381.1500,6000,334000,
BSOFT_F2,07/14/2023,14:02:00,381.5000,381.5000,381.5000,381.5000,2000,334000,
BSOFT_F2,07/14/2023,14:03:00,381.8000,381.8000,381.3000,381.3000,8000,336000,
BSOFT_F2,07/14/2023,14:05:00,382.0000,382.0000,382.0000,382.0000,8000,336000,
BSOFT_F2,07/14/2023,14:07:00,382.0000,382.0000,382.0000,382.0000,2000,332000,
BSOFT_F2,07/14/2023,14:08:00,381.0000,381.0000,381.0000,381.0000,2000,332000,
BSOFT_F2,07/14/2023,14:09:00,380.9000,380.9000,380.3000,380.3000,6000,330000,
BSOFT_F2,07/14/2023,14:11:00,380.9000,380.9000,380.9000,380.9000,2000,330000,
BSOFT_F2,07/14/2023,14:13:00,380.9000,381.4000,380.9000,381.4000,12000,332000,
BSOFT_F2,07/14/2023,14:17:00,381.0000,381.0000,381.0000,381.0000,2000,334000,
BSOFT_F2,07/14/2023,14:21:00,381.3500,381.3500,381.3500,381.3500,2000,334000,
BSOFT_F2,07/14/2023,14:25:00,379.9500,379.9500,379.9500,379.9500,4000,334000,
BSOFT_F2,07/14/2023,14:28:00,379.6500,379.6500,379.6500,379.6500,2000,332000,
BSOFT_F2,07/14/2023,14:29:00,379.4500,379.5500,379.4000,379.4000,6000,332000,
BSOFT_F2,07/14/2023,14:31:00,379.9500,379.9500,379.9500,379.9500,4000,326000,
BSOFT_F2,07/14/2023,14:35:00,379.8500,380.1500,379.8500,380.1500,6000,326000,
BSOFT_F2,07/14/2023,14:36:00,380.3000,380.3000,380.1000,380.1000,6000,326000,
BSOFT_F2,07/14/2023,14:37:00,379.8500,379.8500,379.8500,379.8500,2000,326000,
BSOFT_F2,07/14/2023,14:38:00,379.5000,379.5000,379.5000,379.5000,4000,326000,
BSOFT_F2,07/14/2023,14:40:00,380.1000,380.1000,380.1000,380.1000,2000,322000,
BSOFT_F2,07/14/2023,14:42:00,380.5000,380.5000,380.5000,380.5000,2000,322000,
BSOFT_F2,07/14/2023,14:43:00,380.6500,380.6500,380.6500,380.6500,2000,322000,
BSOFT_F2,07/14/2023,14:44:00,380.7500,380.7500,380.7500,380.7500,2000,322000,
BSOFT_F2,07/14/2023,14:46:00,381.5500,381.5500,381.5500,381.5500,2000,320000,
BSOFT_F2,07/14/2023,14:47:00,381.6000,381.8000,381.6000,381.8000,6000,320000,
BSOFT_F2,07/14/2023,14:48:00,382.5000,382.5000,382.5000,382.5000,8000,324000,
BSOFT_F2,07/14/2023,14:49:00,383.8000,383.8000,383.8000,383.8000,6000,324000,
BSOFT_F2,07/14/2023,14:50:00,383.8000,383.8000,383.8000,383.8000,2000,324000,
BSOFT_F2,07/14/2023,14:52:00,382.1500,382.1500,382.1500,382.1500,4000,326000,
BSOFT_F2,07/14/2023,14:53:00,382.0000,382.3500,382.0000,382.0000,8000,326000,
BSOFT_F2,07/14/2023,14:55:00,382.6000,382.7000,382.6000,382.7000,6000,326000,
BSOFT_F2,07/14/2023,14:56:00,382.2500,382.2500,382.2500,382.2500,2000,326000,
BSOFT_F2,07/14/2023,14:57:00,383.0000,383.0000,383.0000,383.0000,6000,326000,
BSOFT_F2,07/14/2023,14:58:00,383.0000,383.1500,383.0000,383.1500,16000,326000,
BSOFT_F2,07/14/2023,15:04:00,383.4000,383.4000,383.4000,383.4000,2000,334000,
BSOFT_F2,07/14/2023,15:09:00,382.9500,382.9500,382.9500,382.9500,2000,334000,
BSOFT_F2,07/14/2023,15:12:00,383.0000,383.0000,383.0000,383.0000,8000,336000,
BSOFT_F2,07/14/2023,15:14:00,383.4000,383.4000,383.4000,383.4000,2000,336000,
BSOFT_F2,07/14/2023,15:15:00,383.4000,383.4000,382.5500,382.5500,4000,336000,
BSOFT_F2,07/14/2023,15:16:00,382.4000,382.4000,382.4000,382.4000,2000,336000,
BSOFT_F2,07/14/2023,15:17:00,382.8000,382.8000,382.7000,382.7000,22000,336000,
BSOFT_F2,07/14/2023,15:19:00,382.1500,382.1500,382.1500,382.1500,4000,340000,
BSOFT_F2,07/14/2023,15:20:00,382.0500,382.0500,382.0500,382.0500,2000,340000,
BSOFT_F2,07/14/2023,15:22:00,382.7500,382.7500,382.7500,382.7500,2000,340000,
BSOFT_F2,07/14/2023,15:23:00,382.8500,382.8500,382.8500,382.8500,4000,340000,
BSOFT_F2,07/14/2023,15:24:00,382.4500,382.7500,382.4500,382.5000,8000,338000,
BSOFT_F2,07/14/2023,15:25:00,382.7000,382.7000,382.7000,382.7000,2000,338000,
BSOFT_F2,07/14/2023,15:26:00,382.6500,383.0000,382.6500,383.0000,24000,338000,
BSOFT_F2,07/14/2023,15:27:00,383.0500,383.4000,383.0500,383.4000,6000,338000,
BSOFT_F2,07/14/2023,15:28:00,382.8000,384.0500,382.7000,384.0500,24000,354000,
BSOFT_F2,07/14/2023,15:29:00,384.0500,384.4000,384.0500,384.4000,8000,354000,
BSOFT_F2,07/17/2023,09:15:00,386.7000,386.7500,385.4000,385.4000,8002,354000,
BSOFT_F2,07/17/2023,09:16:00,382.7500,382.7500,382.0000,382.0000,10000,354000,
BSOFT_F2,07/17/2023,09:17:00,380.7500,381.6000,380.7500,381.6000,12000,356000,
BSOFT_F2,07/17/2023,09:18:00,381.6000,384.9500,381.3500,384.9500,12000,356000,
BSOFT_F2,07/17/2023,09:19:00,385.0000,385.8000,385.0000,385.8000,8000,356000,
BSOFT_F2,07/17/2023,09:20:00,385.8000,386.3500,385.5500,386.3500,8000,368000,
BSOFT_F2,07/17/2023,09:21:00,386.9500,386.9500,386.9500,386.9500,8000,368000,
BSOFT_F2,07/17/2023,09:22:00,386.4500,386.4500,386.3000,386.3000,6000,368000,
BSOFT_F2,07/17/2023,09:23:00,388.0000,388.8000,388.0000,388.8000,6000,374000,
BSOFT_F2,07/17/2023,09:24:00,388.8000,389.4000,388.8000,389.4000,10000,374000,
BSOFT_F2,07/17/2023,09:25:00,390.3500,390.7000,390.3500,390.7000,12000,374000,
BSOFT_F2,07/17/2023,09:26:00,391.6000,391.6000,390.4000,390.4000,20000,386000,
BSOFT_F2,07/17/2023,09:27:00,389.0000,389.0000,388.7500,389.0000,8000,386000,
BSOFT_F2,07/17/2023,09:28:00,389.0000,390.0500,389.0000,390.0500,6000,386000,
BSOFT_F2,07/17/2023,09:29:00,392.0000,392.0000,392.0000,392.0000,10000,384000,
BSOFT_F2,07/17/2023,09:30:00,392.4000,393.3000,392.4000,393.3000,54000,384000,
BSOFT_F2,07/17/2023,09:31:00,393.3000,393.3000,392.7500,392.7500,16000,384000,
BSOFT_F2,07/17/2023,09:32:00,393.4000,393.4000,392.8000,392.8000,10000,414000,
BSOFT_F2,07/17/2023,09:33:00,393.3500,393.5500,393.0500,393.5500,8000,414000,
BSOFT_F2,07/17/2023,09:34:00,393.6500,394.8000,393.4000,394.8000,16000,414000,
BSOFT_F2,07/17/2023,09:35:00,394.8000,394.8000,394.5000,394.5000,16000,414000,
BSOFT_F2,07/17/2023,09:36:00,395.2000,395.2000,393.8000,394.4000,26000,426000,
BSOFT_F2,07/17/2023,09:37:00,395.2000,395.6000,395.2000,395.6000,8000,426000,
BSOFT_F2,07/17/2023,09:38:00,396.0000,396.4000,396.0000,396.4000,34000,426000,
BSOFT_F2,07/17/2023,09:39:00,396.8000,396.8000,396.2000,396.2000,8000,426000,
BSOFT_F2,07/17/2023,09:40:00,395.7000,395.7000,395.7000,395.7000,10000,426000,
BSOFT_F2,07/17/2023,09:41:00,395.3500,395.3500,394.7000,394.7000,14000,432000,
BSOFT_F2,07/17/2023,09:42:00,394.4500,394.4500,394.4500,394.4500,4000,432000,
BSOFT_F2,07/17/2023,09:45:00,394.5500,394.5500,394.5500,394.5500,2000,436000,
BSOFT_F2,07/17/2023,09:46:00,394.9500,395.9000,394.9500,395.9000,4000,436000,
BSOFT_F2,07/17/2023,09:47:00,395.8500,395.8500,394.1000,394.1000,14000,436000,
BSOFT_F2,07/17/2023,09:48:00,394.0000,394.2500,394.0000,394.2500,10000,436000,
BSOFT_F2,07/17/2023,09:50:00,393.6500,393.6500,393.6500,393.6500,4000,438000,
BSOFT_F2,07/17/2023,09:51:00,394.7500,394.7500,394.7500,394.7500,2000,438000,
BSOFT_F2,07/17/2023,09:52:00,394.5000,394.8500,394.5000,394.8500,6000,438000,
BSOFT_F2,07/17/2023,09:54:00,394.9500,394.9500,394.9500,394.9500,6000,442000,
BSOFT_F2,07/17/2023,09:56:00,394.0000,394.0000,393.5000,393.5000,4000,444000,
BSOFT_F2,07/17/2023,09:57:00,393.4500,393.4500,393.4500,393.4500,2000,444000,
BSOFT_F2,07/17/2023,09:58:00,393.9500,394.5000,393.9500,394.1000,14000,444000,
BSOFT_F2,07/17/2023,10:00:00,395.0000,395.0000,395.0000,395.0000,4000,444000,
BSOFT_F2,07/17/2023,10:01:00,395.0000,395.2000,394.7500,395.0000,10000,444000,
BSOFT_F2,07/17/2023,10:08:00,395.1000,395.1000,395.1000,395.1000,8000,450000,
BSOFT_F2,07/17/2023,10:09:00,395.1000,395.7000,395.1000,395.7000,6000,452000,
BSOFT_F2,07/17/2023,10:10:00,396.3500,396.3500,395.7500,395.7500,4000,452000,
BSOFT_F2,07/17/2023,10:11:00,395.0000,395.0000,395.0000,395.0000,4000,452000,
BSOFT_F2,07/17/2023,10:12:00,393.6000,393.6000,393.0000,393.4500,14000,454000,
BSOFT_F2,07/17/2023,10:13:00,393.5000,394.3000,393.3000,393.3000,24000,454000,
BSOFT_F2,07/17/2023,10:14:00,393.3500,394.1000,393.3500,394.1000,8000,452000,
BSOFT_F2,07/17/2023,10:15:00,393.1500,393.1500,393.1500,393.1500,2000,452000,
BSOFT_F2,07/17/2023,10:17:00,393.2000,393.2000,393.1500,393.1500,4000,448000,
BSOFT_F2,07/17/2023,10:19:00,393.0000,393.0000,393.0000,393.0000,2000,448000,
BSOFT_F2,07/17/2023,10:20:00,392.7500,393.0000,392.7500,393.0000,4000,448000,
BSOFT_F2,07/17/2023,10:21:00,393.1000,393.1000,393.1000,393.1000,2000,448000,
BSOFT_F2,07/17/2023,10:22:00,393.0500,393.4500,393.0500,393.4500,4000,448000,
BSOFT_F2,07/17/2023,10:24:00,393.1500,393.1500,392.5000,392.5000,12000,446000,
BSOFT_F2,07/17/2023,10:26:00,392.9500,393.3500,392.9500,393.3500,12000,444000,
BSOFT_F2,07/17/2023,10:27:00,393.2500,393.2500,393.2000,393.2000,4000,444000,
BSOFT_F2,07/17/2023,10:32:00,393.2000,393.2000,393.2000,393.2000,4000,440000,
BSOFT_F2,07/17/2023,10:35:00,392.4000,392.4000,392.4000,392.4000,4000,444000,
BSOFT_F2,07/17/2023,10:36:00,392.7000,392.7000,392.7000,392.7000,2000,444000,
BSOFT_F2,07/17/2023,10:37:00,392.7000,392.7000,392.3000,392.3000,4000,444000,
BSOFT_F2,07/17/2023,10:40:00,392.3500,392.3500,392.3500,392.3500,2000,444000,
BSOFT_F2,07/17/2023,10:41:00,392.9000,393.0000,392.9000,393.0000,4000,444000,
BSOFT_F2,07/17/2023,10:42:00,394.4500,394.4500,394.4500,394.4500,2000,444000,
BSOFT_F2,07/17/2023,10:43:00,394.9500,395.1000,394.9500,395.1000,14000,444000,
BSOFT_F2,07/17/2023,10:44:00,394.0000,394.3500,394.0000,394.3500,10000,444000,
BSOFT_F2,07/17/2023,10:48:00,393.3500,393.3500,393.1500,393.1500,6000,454000,
BSOFT_F2,07/17/2023,11:02:00,394.3000,394.3000,394.3000,394.3000,2000,456000,
BSOFT_F2,07/17/2023,11:03:00,394.4000,394.4000,394.4000,394.4000,2000,456000,
BSOFT_F2,07/17/2023,11:04:00,394.0000,394.0000,394.0000,394.0000,2000,456000,
BSOFT_F2,07/17/2023,11:06:00,394.1500,394.4000,394.1500,394.4000,4000,456000,
BSOFT_F2,07/17/2023,11:07:00,393.9000,393.9000,393.9000,393.9000,4000,456000,
BSOFT_F2,07/17/2023,11:10:00,394.3000,394.3000,394.3000,394.3000,2000,456000,
BSOFT_F2,07/17/2023,11:11:00,394.4500,394.4500,394.4500,394.4500,2000,456000,
BSOFT_F2,07/17/2023,11:13:00,393.7000,393.7000,393.7000,393.7000,2000,456000,
BSOFT_F2,07/17/2023,11:14:00,393.7500,393.7500,392.1500,393.0000,18000,464000,
BSOFT_F2,07/17/2023,11:15:00,392.9500,393.1500,392.8500,393.1500,8000,464000,
BSOFT_F2,07/17/2023,11:16:00,393.5000,393.5000,393.5000,393.5000,2000,464000,
BSOFT_F2,07/17/2023,11:19:00,394.0000,394.0000,394.0000,394.0000,4000,460000,
BSOFT_F2,07/17/2023,11:20:00,393.6000,393.6000,393.6000,393.6000,10000,460000,
BSOFT_F2,07/17/2023,11:21:00,393.6000,393.6000,393.5000,393.5000,4000,466000,
BSOFT_F2,07/17/2023,11:22:00,393.5000,393.5000,393.5000,393.5000,2000,466000,
BSOFT_F2,07/17/2023,11:23:00,393.5000,393.5000,393.5000,393.5000,4000,466000,
BSOFT_F2,07/17/2023,11:24:00,393.4000,393.4000,393.4000,393.4000,2000,468000,
BSOFT_F2,07/17/2023,11:25:00,393.0000,393.0000,392.6500,392.6500,4000,468000,
BSOFT_F2,07/17/2023,11:34:00,395.0000,395.0000,395.0000,395.0000,8000,470000,
BSOFT_F2,07/17/2023,11:36:00,394.7000,394.7000,394.3000,394.3000,6000,464000,
BSOFT_F2,07/17/2023,11:43:00,394.1500,394.1500,394.1500,394.1500,2000,462000,
BSOFT_F2,07/17/2023,11:46:00,395.0000,395.0000,395.0000,395.0000,2000,464000,
BSOFT_F2,07/17/2023,11:47:00,395.1500,395.2000,395.1500,395.2000,4000,464000,
BSOFT_F2,07/17/2023,11:48:00,395.2000,395.5000,395.2000,395.5000,6000,458000,
BSOFT_F2,07/17/2023,11:49:00,395.5000,395.5000,395.2000,395.2000,4000,458000,
BSOFT_F2,07/17/2023,11:55:00,394.0000,394.0000,394.0000,394.0000,4000,456000,
BSOFT_F2,07/17/2023,11:56:00,394.0000,394.0000,394.0000,394.0000,2000,456000,
BSOFT_F2,07/17/2023,11:57:00,394.0000,394.0000,394.0000,394.0000,2000,458000,
BSOFT_F2,07/17/2023,12:02:00,394.5000,394.5000,394.5000,394.5000,2000,458000,
BSOFT_F2,07/17/2023,12:11:00,394.0500,394.0500,394.0500,394.0500,4000,460000,
BSOFT_F2,07/17/2023,12:14:00,394.2000,394.2000,394.2000,394.2000,2000,460000,
BSOFT_F2,07/17/2023,12:20:00,394.0000,394.0000,394.0000,394.0000,8000,458000,
BSOFT_F2,07/17/2023,12:21:00,393.9000,394.0000,393.9000,394.0000,4000,464000,
BSOFT_F2,07/17/2023,12:26:00,393.6000,393.6000,393.6000,393.6000,2000,464000,
BSOFT_F2,07/17/2023,12:27:00,393.6000,393.6000,393.6000,393.6000,2000,464000,
BSOFT_F2,07/17/2023,12:28:00,393.3500,393.6000,393.3500,393.6000,4000,464000,
BSOFT_F2,07/17/2023,12:37:00,393.7000,393.7000,393.7000,393.7000,2000,460000,
BSOFT_F2,07/17/2023,12:46:00,393.2500,393.2500,393.2500,393.2500,2000,460000,
BSOFT_F2,07/17/2023,12:47:00,393.4500,393.4500,393.4500,393.4500,4000,460000,
BSOFT_F2,07/17/2023,12:48:00,393.4500,393.4500,392.1500,392.1500,4000,462000,
BSOFT_F2,07/17/2023,12:49:00,391.9500,392.0000,391.9500,392.0000,12000,462000,
BSOFT_F2,07/17/2023,12:50:00,391.6000,391.6000,390.5500,390.5500,12000,462000,
BSOFT_F2,07/17/2023,12:51:00,390.8500,390.8500,390.5500,390.5500,24000,454000,
BSOFT_F2,07/17/2023,12:52:00,390.4000,390.4000,390.4000,390.4000,2000,454000,
BSOFT_F2,07/17/2023,12:54:00,390.4000,390.4000,390.4000,390.4000,4000,456000,
BSOFT_F2,07/17/2023,12:55:00,389.7500,389.7500,389.7500,389.7500,6000,456000,
BSOFT_F2,07/17/2023,12:56:00,390.3500,390.3500,390.3500,390.3500,2000,456000,
BSOFT_F2,07/17/2023,12:57:00,390.0000,390.0000,390.0000,390.0000,2000,452000,
BSOFT_F2,07/17/2023,12:58:00,390.0000,390.0000,390.0000,390.0000,2000,452000,
BSOFT_F2,07/17/2023,13:01:00,390.7000,390.7000,390.0000,390.0000,8000,454000,
BSOFT_F2,07/17/2023,13:02:00,389.8500,389.8500,388.8000,388.8000,20000,454000,
BSOFT_F2,07/17/2023,13:03:00,388.9500,388.9500,388.8500,388.8500,4000,460000,
BSOFT_F2,07/17/2023,13:04:00,389.0000,389.0000,389.0000,389.0000,2000,460000,
BSOFT_F2,07/17/2023,13:05:00,389.7000,389.7000,389.6500,389.6500,4000,460000,
BSOFT_F2,07/17/2023,13:07:00,389.3000,389.3000,389.3000,389.3000,2000,458000,
BSOFT_F2,07/17/2023,13:11:00,389.0000,389.0000,389.0000,389.0000,2000,460000,
BSOFT_F2,07/17/2023,13:12:00,388.5500,388.5500,388.5500,388.5500,4000,462000,
BSOFT_F2,07/17/2023,13:13:00,389.1500,389.1500,388.6500,388.6500,14000,462000,
BSOFT_F2,07/17/2023,13:14:00,388.6500,389.2000,388.6500,389.2000,4000,462000,
BSOFT_F2,07/17/2023,13:15:00,388.0000,388.0000,387.3000,387.3000,10000,456000,
BSOFT_F2,07/17/2023,13:16:00,388.0000,388.0000,388.0000,388.0000,2000,456000,
BSOFT_F2,07/17/2023,13:17:00,388.5000,389.2500,388.5000,389.2500,4000,456000,
BSOFT_F2,07/17/2023,13:18:00,389.1500,389.1500,389.1500,389.1500,2000,454000,
BSOFT_F2,07/17/2023,13:20:00,388.6000,388.6000,388.6000,388.6000,2000,454000,
BSOFT_F2,07/17/2023,13:27:00,388.5000,388.5000,388.5000,388.5000,2000,454000,
BSOFT_F2,07/17/2023,13:28:00,388.0000,388.0000,388.0000,388.0000,4000,454000,
BSOFT_F2,07/17/2023,13:32:00,389.5000,389.5000,389.5000,389.5000,2000,450000,
BSOFT_F2,07/17/2023,13:33:00,390.1000,390.1500,390.1000,390.1500,4000,450000,
BSOFT_F2,07/17/2023,13:34:00,390.1000,390.1000,389.8000,389.8000,6000,450000,
BSOFT_F2,07/17/2023,13:36:00,389.4000,389.5000,389.4000,389.5000,4000,456000,
BSOFT_F2,07/17/2023,13:39:00,390.3000,390.3000,390.3000,390.3000,2000,454000,
BSOFT_F2,07/17/2023,13:40:00,390.3000,390.3000,389.4500,389.4500,6000,454000,
BSOFT_F2,07/17/2023,13:45:00,388.9000,388.9000,388.9000,388.9000,2000,458000,
BSOFT_F2,07/17/2023,13:46:00,388.7000,388.7000,388.7000,388.7000,2000,458000,
BSOFT_F2,07/17/2023,13:49:00,388.8000,388.8000,388.8000,388.8000,2000,458000,
BSOFT_F2,07/17/2023,13:50:00,388.3000,388.3000,388.3000,388.3000,2000,458000,
BSOFT_F2,07/17/2023,13:51:00,388.1500,388.1500,388.1500,388.1500,2000,460000,
BSOFT_F2,07/17/2023,13:53:00,388.4000,388.6500,388.4000,388.6500,4000,460000,
BSOFT_F2,07/17/2023,13:54:00,388.1500,388.1500,388.1500,388.1500,2000,462000,
BSOFT_F2,07/17/2023,13:55:00,388.5000,388.5000,388.4500,388.4500,4000,462000,
BSOFT_F2,07/17/2023,13:57:00,389.1500,389.1500,389.1500,389.1500,4000,458000,
BSOFT_F2,07/17/2023,14:02:00,388.8000,388.8000,388.8000,388.8000,2000,456000,
BSOFT_F2,07/17/2023,14:03:00,389.1500,389.1500,389.1500,389.1500,2000,456000,
BSOFT_F2,07/17/2023,14:08:00,389.4500,389.4500,389.4500,389.4500,2000,458000,
BSOFT_F2,07/17/2023,14:11:00,388.2500,388.2500,388.2500,388.2500,2000,458000,
BSOFT_F2,07/17/2023,14:14:00,388.4500,388.4500,388.4500,388.4500,2000,460000,
BSOFT_F2,07/17/2023,14:18:00,388.0000,388.0000,387.5500,387.5500,6000,460000,
BSOFT_F2,07/17/2023,14:19:00,387.3500,387.3500,387.3500,387.3500,2000,460000,
BSOFT_F2,07/17/2023,14:20:00,388.0500,388.0500,388.0500,388.0500,2000,460000,
BSOFT_F2,07/17/2023,14:24:00,387.6500,387.6500,387.5000,387.5000,4000,454000,
BSOFT_F2,07/17/2023,14:29:00,388.3500,388.3500,388.3500,388.3500,2000,454000,
BSOFT_F2,07/17/2023,14:33:00,388.0000,388.0000,388.0000,388.0000,4000,454000,
BSOFT_F2,07/17/2023,14:51:00,386.6500,386.6500,386.6500,386.6500,2000,454000,
BSOFT_F2,07/17/2023,14:53:00,387.8000,387.8000,387.8000,387.8000,2000,456000,
BSOFT_F2,07/17/2023,14:54:00,387.0500,387.2000,387.0500,387.2000,4000,456000,
BSOFT_F2,07/17/2023,14:58:00,387.3500,387.3500,387.3500,387.3500,2000,456000,
BSOFT_F2,07/17/2023,14:59:00,387.5000,387.5000,387.4500,387.4500,4000,456000,
BSOFT_F2,07/17/2023,15:01:00,388.0000,388.0000,388.0000,388.0000,2000,458000,
BSOFT_F2,07/17/2023,15:02:00,388.1500,388.1500,388.1500,388.1500,2000,458000,
BSOFT_F2,07/17/2023,15:04:00,387.4500,387.4500,387.4500,387.4500,2000,462000,
BSOFT_F2,07/17/2023,15:09:00,387.5500,387.5500,387.5500,387.5500,2000,462000,
BSOFT_F2,07/17/2023,15:15:00,387.5500,387.5500,387.5500,387.5500,2000,464000,
BSOFT_F2,07/17/2023,15:20:00,387.2000,387.2000,387.2000,387.2000,4000,464000,
BSOFT_F2,07/17/2023,15:21:00,387.3500,387.3500,387.3500,387.3500,4000,464000,
BSOFT_F2,07/17/2023,15:22:00,387.1000,387.1000,387.1000,387.1000,2000,464000,
BSOFT_F2,07/17/2023,15:25:00,387.3500,387.3500,387.3500,387.3500,2000,464000,
BSOFT_F2,07/17/2023,15:27:00,387.8000,388.0000,387.8000,388.0000,4000,462000,
BSOFT_F2,07/17/2023,15:29:00,388.5000,388.5000,388.5000,388.5000,4000,462000,
BSOFT_F2,07/17/2023,15:30:00,388.0500,388.0500,388.0500,388.0500,2000,462000,
BSOFT_F2,07/18/2023,09:15:00,388.9000,389.1000,388.9000,389.1000,8002,462000,
BSOFT_F2,07/18/2023,09:16:00,390.4000,390.4000,389.8000,389.8000,14000,462000,
BSOFT_F2,07/18/2023,09:19:00,389.5000,389.5000,389.0000,389.0000,6000,460000,
BSOFT_F2,07/18/2023,09:20:00,388.2000,388.2000,388.2000,388.2000,2000,462000,
BSOFT_F2,07/18/2023,09:21:00,388.2000,388.2000,387.4500,387.4500,6000,462000,
BSOFT_F2,07/18/2023,09:23:00,387.0000,387.4500,387.0000,387.3500,18000,470000,
BSOFT_F2,07/18/2023,09:25:00,387.2000,387.2000,387.2000,387.2000,4000,470000,
BSOFT_F2,07/18/2023,09:27:00,387.2000,387.2000,387.2000,387.2000,2000,470000,
BSOFT_F2,07/18/2023,09:29:00,386.0500,386.0500,386.0500,386.0500,4000,468000,
BSOFT_F2,07/18/2023,09:30:00,386.0500,386.0500,385.8500,385.8500,8000,468000,
BSOFT_F2,07/18/2023,09:31:00,385.7500,386.0000,385.7500,386.0000,6000,468000,
BSOFT_F2,07/18/2023,09:32:00,386.5500,386.5500,386.1000,386.1000,10000,468000,
BSOFT_F2,07/18/2023,09:33:00,385.2500,385.2500,385.2500,385.2500,4000,462000,
BSOFT_F2,07/18/2023,09:34:00,385.8500,385.8500,385.8500,385.8500,4000,462000,
BSOFT_F2,07/18/2023,09:35:00,385.2500,385.2500,384.5500,384.5500,4000,462000,
BSOFT_F2,07/18/2023,09:37:00,384.5500,385.7000,384.5500,385.7000,4000,462000,
BSOFT_F2,07/18/2023,09:40:00,386.0000,386.0000,386.0000,386.0000,8000,462000,
BSOFT_F2,07/18/2023,09:41:00,386.0000,386.0000,386.0000,386.0000,2000,462000,
BSOFT_F2,07/18/2023,09:45:00,388.3500,388.3500,388.3500,388.3500,2000,462000,
BSOFT_F2,07/18/2023,09:46:00,389.8500,389.9000,389.8500,389.8500,6000,462000,
BSOFT_F2,07/18/2023,09:48:00,388.5000,388.5000,388.5000,388.5000,2000,462000,
BSOFT_F2,07/18/2023,09:49:00,389.8000,389.8000,389.8000,389.8000,6000,462000,
BSOFT_F2,07/18/2023,09:50:00,389.6500,390.3500,389.6500,390.3500,8000,462000,
BSOFT_F2,07/18/2023,09:51:00,390.2000,390.2000,390.2000,390.2000,2000,462000,
BSOFT_F2,07/18/2023,09:52:00,390.5000,390.5000,390.5000,390.5000,8000,470000,
BSOFT_F2,07/18/2023,09:53:00,390.5000,390.5000,390.1000,390.1000,10000,476000,
BSOFT_F2,07/18/2023,09:56:00,389.1500,389.1500,389.1500,389.1500,6000,476000,
BSOFT_F2,07/18/2023,09:57:00,390.0000,390.0000,389.4000,389.4000,4000,476000,
BSOFT_F2,07/18/2023,09:58:00,389.9000,389.9000,389.9000,389.9000,2000,476000,
BSOFT_F2,07/18/2023,09:59:00,389.4500,389.4500,389.4500,389.4500,4000,476000,
BSOFT_F2,07/18/2023,10:03:00,389.9500,389.9500,389.9500,389.9500,2000,474000,
BSOFT_F2,07/18/2023,10:05:00,389.9500,390.0000,389.9500,390.0000,4000,474000,
BSOFT_F2,07/18/2023,10:08:00,390.6000,390.6000,390.6000,390.6000,2000,474000,
BSOFT_F2,07/18/2023,10:09:00,390.8000,390.8000,390.8000,390.8000,4000,474000,
BSOFT_F2,07/18/2023,10:15:00,390.3500,390.3500,390.3500,390.3500,2000,476000,
BSOFT_F2,07/18/2023,10:17:00,389.9500,389.9500,389.9500,389.9500,2000,478000,
BSOFT_F2,07/18/2023,10:18:00,390.2500,390.2500,390.2500,390.2500,2000,478000,
BSOFT_F2,07/18/2023,10:21:00,389.8500,389.8500,389.8500,389.8500,2000,478000,
BSOFT_F2,07/18/2023,10:31:00,389.0000,389.4500,389.0000,389.4500,4000,478000,
BSOFT_F2,07/18/2023,10:39:00,389.0000,389.0000,389.0000,389.0000,4000,482000,
BSOFT_F2,07/18/2023,10:41:00,389.6000,389.6000,389.6000,389.6000,2000,482000,
BSOFT_F2,07/18/2023,10:45:00,388.2500,388.2500,388.2500,388.2500,2000,484000,
BSOFT_F2,07/18/2023,10:47:00,388.0000,388.0000,388.0000,388.0000,2000,484000,
BSOFT_F2,07/18/2023,10:54:00,388.9000,388.9000,388.9000,388.9000,2000,484000,
BSOFT_F2,07/18/2023,11:04:00,389.9500,389.9500,389.9500,389.9500,2000,486000,
BSOFT_F2,07/18/2023,11:10:00,390.4500,390.4500,390.4000,390.4000,8000,486000,
BSOFT_F2,07/18/2023,11:22:00,391.3000,392.5000,391.3000,392.5000,6000,486000,
BSOFT_F2,07/18/2023,11:23:00,393.1500,393.1500,392.1500,392.1500,8000,484000,
BSOFT_F2,07/18/2023,11:24:00,392.2500,392.2500,392.2500,392.2500,2000,484000,
BSOFT_F2,07/18/2023,11:25:00,392.3000,392.7000,392.3000,392.7000,4000,484000,
BSOFT_F2,07/18/2023,11:26:00,392.6000,392.6000,392.6000,392.6000,2000,484000,
BSOFT_F2,07/18/2023,11:27:00,392.6000,392.6000,392.6000,392.6000,2000,484000,
BSOFT_F2,07/18/2023,11:29:00,392.1500,392.5500,392.1500,392.5500,4000,484000,
BSOFT_F2,07/18/2023,11:31:00,392.1000,392.1000,392.1000,392.1000,4000,484000,
BSOFT_F2,07/18/2023,11:38:00,390.7500,390.7500,390.7500,390.7500,2000,486000,
BSOFT_F2,07/18/2023,11:41:00,390.8000,390.8000,390.8000,390.8000,2000,488000,
BSOFT_F2,07/18/2023,11:44:00,388.2000,388.2000,388.2000,388.2000,4000,490000,
BSOFT_F2,07/18/2023,11:49:00,388.0000,388.0000,388.0000,388.0000,2000,488000,
BSOFT_F2,07/18/2023,12:01:00,388.5000,388.5000,388.3000,388.3000,4000,488000,
BSOFT_F2,07/18/2023,12:04:00,388.6000,388.6000,388.6000,388.6000,2000,488000,
BSOFT_F2,07/18/2023,12:12:00,387.0500,387.0500,387.0500,387.0500,2000,486000,
BSOFT_F2,07/18/2023,12:15:00,386.7000,386.7000,386.7000,386.7000,2000,486000,
BSOFT_F2,07/18/2023,12:16:00,386.8000,386.8000,386.8000,386.8000,2000,486000,
BSOFT_F2,07/18/2023,12:22:00,386.4500,386.4500,386.4500,386.4500,2000,490000,
BSOFT_F2,07/18/2023,12:27:00,386.4500,386.4500,386.4500,386.4500,2000,488000,
BSOFT_F2,07/18/2023,12:32:00,387.1000,387.1000,387.1000,387.1000,6000,488000,
BSOFT_F2,07/18/2023,12:37:00,388.7000,388.7000,388.7000,388.7000,2000,488000,
BSOFT_F2,07/18/2023,12:51:00,388.7500,388.7500,388.7500,388.7500,2000,490000,
BSOFT_F2,07/18/2023,12:56:00,389.3500,389.3500,389.3500,389.3500,2000,490000,
BSOFT_F2,07/18/2023,13:02:00,388.7000,388.7000,388.7000,388.7000,2000,488000,
BSOFT_F2,07/18/2023,13:06:00,389.0000,389.0000,389.0000,389.0000,2000,490000,
BSOFT_F2,07/18/2023,13:10:00,389.3000,389.3000,389.3000,389.3000,2000,490000,
BSOFT_F2,07/18/2023,13:11:00,389.3000,389.3000,389.3000,389.3000,2000,490000,
BSOFT_F2,07/18/2023,13:13:00,389.0500,389.0500,389.0500,389.0500,2000,490000,
BSOFT_F2,07/18/2023,13:14:00,389.1000,389.1000,389.1000,389.1000,2000,490000,
BSOFT_F2,07/18/2023,13:16:00,389.0500,389.0500,389.0500,389.0500,2000,492000,
BSOFT_F2,07/18/2023,13:29:00,387.2500,387.6000,387.2500,387.6000,10000,492000,
BSOFT_F2,07/18/2023,13:30:00,387.3500,387.3500,387.3500,387.3500,2000,492000,
BSOFT_F2,07/18/2023,13:32:00,388.2000,388.2000,388.2000,388.2000,4000,492000,
BSOFT_F2,07/18/2023,13:48:00,389.4000,389.4000,389.4000,389.4000,2000,492000,
BSOFT_F2,07/18/2023,13:49:00,389.1500,389.1500,389.1500,389.1500,2000,494000,
BSOFT_F2,07/18/2023,13:50:00,389.5500,389.5500,389.4500,389.4500,12000,494000,
BSOFT_F2,07/18/2023,13:52:00,389.8000,389.8000,389.8000,389.8000,2000,496000,
BSOFT_F2,07/18/2023,13:54:00,389.8000,390.1000,389.8000,390.1000,4000,496000,
BSOFT_F2,07/18/2023,13:55:00,390.0500,390.8500,390.0500,390.8500,10000,496000,
BSOFT_F2,07/18/2023,13:56:00,390.7500,391.7000,390.7500,391.7000,10000,496000,
BSOFT_F2,07/18/2023,13:57:00,392.0000,392.0000,391.9000,392.0000,8000,500000,
BSOFT_F2,07/18/2023,13:58:00,392.4000,392.4000,392.4000,392.4000,2000,500000,
BSOFT_F2,07/18/2023,13:59:00,391.4500,391.5000,391.4500,391.5000,4000,500000,
BSOFT_F2,07/18/2023,14:00:00,391.5500,391.5500,391.5500,391.5500,4000,500000,
BSOFT_F2,07/18/2023,14:01:00,391.6000,391.6000,391.6000,391.6000,2000,502000,
BSOFT_F2,07/18/2023,14:03:00,392.7000,392.7000,392.7000,392.7000,2000,500000,
BSOFT_F2,07/18/2023,14:04:00,393.0500,393.0500,392.5000,392.9000,6000,500000,
BSOFT_F2,07/18/2023,14:05:00,393.1500,393.1500,392.7000,393.0500,14000,500000,
BSOFT_F2,07/18/2023,14:06:00,393.7500,393.8500,393.7500,393.8500,24000,492000,
BSOFT_F2,07/18/2023,14:07:00,393.3000,393.3000,393.2500,393.2500,4000,492000,
BSOFT_F2,07/18/2023,14:08:00,392.9500,392.9500,392.9500,392.9500,4000,492000,
BSOFT_F2,07/18/2023,14:10:00,392.8000,392.8000,392.8000,392.8000,2000,484000,
BSOFT_F2,07/18/2023,14:12:00,392.7000,392.7000,392.7000,392.7000,2000,484000,
BSOFT_F2,07/18/2023,14:13:00,393.0000,393.0000,393.0000,393.0000,4000,484000,
BSOFT_F2,07/18/2023,14:15:00,393.9000,394.2500,393.9000,394.2500,8000,484000,
BSOFT_F2,07/18/2023,14:16:00,393.6500,393.6500,393.6500,393.6500,2000,484000,
BSOFT_F2,07/18/2023,14:17:00,392.9000,392.9000,392.9000,392.9000,2000,484000,
BSOFT_F2,07/18/2023,14:20:00,392.7500,392.7500,392.4500,392.4500,4000,486000,
BSOFT_F2,07/18/2023,14:22:00,392.6000,393.0500,392.6000,393.0500,4000,486000,
BSOFT_F2,07/18/2023,14:29:00,392.9500,393.0000,392.9500,393.0000,4000,484000,
BSOFT_F2,07/18/2023,14:30:00,393.3500,393.3500,393.3500,393.3500,4000,484000,
BSOFT_F2,07/18/2023,14:31:00,393.1000,393.1000,393.1000,393.1000,2000,486000,
BSOFT_F2,07/18/2023,14:33:00,392.9500,392.9500,392.9500,392.9500,4000,486000,
BSOFT_F2,07/18/2023,14:36:00,393.1000,393.1000,393.1000,393.1000,2000,486000,
BSOFT_F2,07/18/2023,14:39:00,394.0000,394.1500,394.0000,394.1500,4000,484000,
BSOFT_F2,07/18/2023,14:40:00,394.6500,394.6500,394.5000,394.5000,24000,488000,
BSOFT_F2,07/18/2023,14:41:00,394.3500,394.5500,394.3500,394.5500,4000,488000,
BSOFT_F2,07/18/2023,14:42:00,394.5500,394.5500,394.5500,394.5500,2000,488000,
BSOFT_F2,07/18/2023,14:43:00,394.3500,394.7500,394.3500,394.7500,12000,480000,
BSOFT_F2,07/18/2023,14:47:00,394.7500,394.7500,394.7500,394.7500,2000,480000,
BSOFT_F2,07/18/2023,14:48:00,394.7500,394.7500,394.7500,394.7500,2000,480000,
BSOFT_F2,07/18/2023,14:49:00,395.8500,396.6000,395.8500,396.6000,20000,480000,
BSOFT_F2,07/18/2023,14:51:00,396.6000,396.6000,396.6000,396.6000,2000,480000,
BSOFT_F2,07/18/2023,14:53:00,395.5000,395.5000,394.9500,395.1000,10000,484000,
BSOFT_F2,07/18/2023,14:54:00,395.1000,395.1000,395.1000,395.1000,2000,484000,
BSOFT_F2,07/18/2023,14:55:00,396.6500,396.6500,396.6000,396.6000,18000,482000,
BSOFT_F2,07/18/2023,14:56:00,396.9500,396.9500,396.7500,396.7500,16000,482000,
BSOFT_F2,07/18/2023,14:57:00,396.3500,396.3500,396.3500,396.3500,4000,482000,
BSOFT_F2,07/18/2023,14:58:00,396.3500,396.3500,396.3500,396.3500,2000,470000,
BSOFT_F2,07/18/2023,14:59:00,395.7500,395.8000,395.7500,395.8000,6000,470000,
BSOFT_F2,07/18/2023,15:00:00,395.8000,395.8000,395.8000,395.8000,2000,470000,
BSOFT_F2,07/18/2023,15:01:00,396.2500,396.8500,396.2500,396.8500,4000,472000,
BSOFT_F2,07/18/2023,15:02:00,396.8500,396.8500,396.3000,396.3000,4000,472000,
BSOFT_F2,07/18/2023,15:05:00,395.7500,396.0000,395.7500,396.0000,12000,472000,
BSOFT_F2,07/18/2023,15:07:00,395.4000,395.4000,395.4000,395.4000,2000,474000,
BSOFT_F2,07/18/2023,15:08:00,395.3000,395.3000,395.3000,395.3000,2000,474000,
BSOFT_F2,07/18/2023,15:12:00,395.1000,395.1000,395.0000,395.0000,4000,474000,
BSOFT_F2,07/18/2023,15:13:00,394.7500,394.7500,394.7500,394.7500,2000,474000,
BSOFT_F2,07/18/2023,15:15:00,394.8000,394.8000,394.8000,394.8000,24000,474000,
BSOFT_F2,07/18/2023,15:17:00,395.0000,395.0000,395.0000,395.0000,2000,474000,
BSOFT_F2,07/18/2023,15:19:00,395.5000,395.5000,395.5000,395.5000,4000,454000,
BSOFT_F2,07/18/2023,15:20:00,396.6000,396.6000,396.4500,396.4500,12000,454000,
BSOFT_F2,07/18/2023,15:21:00,396.6000,396.6000,396.6000,396.6000,2000,446000,
BSOFT_F2,07/18/2023,15:23:00,396.6000,396.6000,396.6000,396.6000,2000,446000,
BSOFT_F2,07/18/2023,15:24:00,396.4000,396.4000,396.4000,396.4000,8000,446000,
BSOFT_F2,07/18/2023,15:26:00,396.6000,396.6000,396.6000,396.6000,8000,440000,
BSOFT_F2,07/18/2023,15:27:00,396.6000,396.6000,396.6000,396.6000,6000,434000,
BSOFT_F2,07/18/2023,15:28:00,396.7000,396.9500,396.7000,396.9500,6000,434000,
BSOFT_F2,07/18/2023,15:29:00,396.5000,397.0000,396.5000,397.0000,10000,434000,
BSOFT_F2,07/19/2023,09:15:00,395.5500,396.8500,395.5500,396.8500,8001,426000,
BSOFT_F2,07/19/2023,09:17:00,398.1000,398.3500,396.9000,398.1500,30000,432000,
BSOFT_F2,07/19/2023,09:18:00,398.2000,398.9000,398.2000,398.9000,6000,432000,
BSOFT_F2,07/19/2023,09:19:00,397.4000,397.4000,397.4000,397.4000,4000,432000,
BSOFT_F2,07/19/2023,09:20:00,398.2000,398.2000,398.2000,398.2000,4000,432000,
BSOFT_F2,07/19/2023,09:21:00,397.6000,397.6000,397.6000,397.6000,4000,438000,
BSOFT_F2,07/19/2023,09:22:00,397.3000,397.3000,397.3000,397.3000,2000,438000,
BSOFT_F2,07/19/2023,09:23:00,397.7000,397.7000,397.7000,397.7000,2000,438000,
BSOFT_F2,07/19/2023,09:24:00,398.2500,398.2500,398.2500,398.2500,6000,444000,
BSOFT_F2,07/19/2023,09:26:00,398.2000,398.2000,398.0000,398.0000,8000,444000,
BSOFT_F2,07/19/2023,09:27:00,398.1000,398.1000,398.1000,398.1000,2000,444000,
BSOFT_F2,07/19/2023,09:28:00,398.0000,398.0000,398.0000,398.0000,4000,444000,
BSOFT_F2,07/19/2023,09:29:00,399.4000,399.4000,399.4000,399.4000,10000,444000,
BSOFT_F2,07/19/2023,09:30:00,398.8500,398.8500,398.8500,398.8500,2000,444000,
BSOFT_F2,07/19/2023,09:31:00,398.8000,398.8000,398.1500,398.1500,4000,444000,
BSOFT_F2,07/19/2023,09:32:00,397.4000,397.4000,397.4000,397.4000,6000,444000,
BSOFT_F2,07/19/2023,09:34:00,396.8000,397.4000,396.8000,397.4000,4000,444000,
BSOFT_F2,07/19/2023,09:35:00,396.6500,396.6500,396.3500,396.3500,8000,444000,
BSOFT_F2,07/19/2023,09:36:00,396.2000,396.2000,396.2000,396.2000,2000,444000,
BSOFT_F2,07/19/2023,09:39:00,396.5500,396.5500,396.5500,396.5500,2000,442000,
BSOFT_F2,07/19/2023,09:41:00,396.1000,396.1000,395.4000,395.4000,4000,442000,
BSOFT_F2,07/19/2023,09:42:00,395.4000,395.5000,395.4000,395.5000,4000,446000,
BSOFT_F2,07/19/2023,09:44:00,395.6000,395.6000,395.6000,395.6000,2000,446000,
BSOFT_F2,07/19/2023,09:46:00,396.1500,396.1500,396.1500,396.1500,4000,448000,
BSOFT_F2,07/19/2023,09:47:00,395.3000,395.3000,395.3000,395.3000,16000,448000,
BSOFT_F2,07/19/2023,09:50:00,395.3000,395.3000,395.3000,395.3000,4000,454000,
BSOFT_F2,07/19/2023,09:52:00,397.0000,397.0000,397.0000,397.0000,2000,456000,
BSOFT_F2,07/19/2023,09:53:00,396.3000,396.3000,396.3000,396.3000,4000,456000,
BSOFT_F2,07/19/2023,09:54:00,396.5000,397.0500,396.5000,397.0500,12000,458000,
BSOFT_F2,07/19/2023,09:55:00,396.6500,397.1500,396.6500,397.1500,4000,458000,
BSOFT_F2,07/19/2023,09:58:00,397.2000,397.2000,397.2000,397.2000,10000,454000,
BSOFT_F2,07/19/2023,10:02:00,398.2000,398.2000,398.2000,398.2000,2000,464000,
BSOFT_F2,07/19/2023,10:03:00,399.3000,399.3000,399.3000,399.3000,2000,462000,
BSOFT_F2,07/19/2023,10:04:00,399.3500,399.3500,399.3500,399.3500,4000,462000,
BSOFT_F2,07/19/2023,10:05:00,399.3500,399.3500,399.3500,399.3500,2000,462000,
BSOFT_F2,07/19/2023,10:06:00,398.7000,398.7000,398.7000,398.7000,2000,468000,
BSOFT_F2,07/19/2023,10:07:00,398.7000,398.7000,398.7000,398.7000,2000,468000,
BSOFT_F2,07/19/2023,10:08:00,398.5000,398.5000,398.5000,398.5000,2000,468000,
BSOFT_F2,07/19/2023,10:11:00,398.5000,398.5000,398.5000,398.5000,2000,466000,
BSOFT_F2,07/19/2023,10:12:00,398.7000,398.7000,398.7000,398.7000,2000,466000,
BSOFT_F2,07/19/2023,10:16:00,399.0000,399.0000,399.0000,399.0000,2000,468000,
BSOFT_F2,07/19/2023,10:17:00,399.0000,399.0000,399.0000,399.0000,4000,468000,
BSOFT_F2,07/19/2023,10:18:00,399.1000,399.1000,399.1000,399.1000,2000,464000,
BSOFT_F2,07/19/2023,10:19:00,399.5000,399.5000,399.5000,399.5000,10000,464000,
BSOFT_F2,07/19/2023,10:20:00,400.0000,400.2500,400.0000,400.2500,14000,464000,
BSOFT_F2,07/19/2023,10:21:00,400.2500,400.2500,399.6000,399.6000,4000,460000,
BSOFT_F2,07/19/2023,10:22:00,397.4000,397.4000,397.4000,397.4000,4000,460000,
BSOFT_F2,07/19/2023,10:23:00,397.1500,397.1500,397.1500,397.1500,4000,460000,
BSOFT_F2,07/19/2023,10:24:00,398.0000,398.0000,398.0000,398.0000,4000,462000,
BSOFT_F2,07/19/2023,10:25:00,398.0000,398.0000,398.0000,398.0000,2000,462000,
BSOFT_F2,07/19/2023,10:26:00,397.5500,397.5500,397.5500,397.5500,6000,462000,
BSOFT_F2,07/19/2023,10:27:00,397.2500,397.2500,397.2500,397.2500,2000,464000,
BSOFT_F2,07/19/2023,10:28:00,396.7000,396.7000,396.7000,396.7000,6000,464000,
BSOFT_F2,07/19/2023,10:31:00,396.5000,396.5000,396.5000,396.5000,2000,466000,
BSOFT_F2,07/19/2023,10:33:00,396.7000,396.7000,396.7000,396.7000,2000,466000,
BSOFT_F2,07/19/2023,10:36:00,398.4500,398.4500,398.4500,398.4500,2000,468000,
BSOFT_F2,07/19/2023,10:37:00,397.1000,397.1000,397.1000,397.1000,2000,468000,
BSOFT_F2,07/19/2023,10:38:00,396.3500,396.3500,396.3500,396.3500,4000,468000,
BSOFT_F2,07/19/2023,10:40:00,397.0500,397.0500,397.0500,397.0500,2000,472000,
BSOFT_F2,07/19/2023,10:42:00,396.5000,396.5000,396.5000,396.5000,2000,472000,
BSOFT_F2,07/19/2023,10:43:00,396.1500,396.9500,396.1500,396.9500,28000,472000,
BSOFT_F2,07/19/2023,10:46:00,397.5000,397.5000,397.5000,397.5000,2000,472000,
BSOFT_F2,07/19/2023,10:47:00,397.0500,397.0500,397.0500,397.0500,4000,472000,
BSOFT_F2,07/19/2023,10:49:00,396.9000,396.9000,396.9000,396.9000,4000,476000,
BSOFT_F2,07/19/2023,10:51:00,396.9000,396.9000,396.9000,396.9000,2000,478000,
BSOFT_F2,07/19/2023,10:52:00,396.7000,396.7000,396.7000,396.7000,4000,478000,
BSOFT_F2,07/19/2023,10:55:00,397.3000,397.3500,397.3000,397.3500,6000,482000,
BSOFT_F2,07/19/2023,10:58:00,397.1000,397.1000,397.1000,397.1000,2000,486000,
BSOFT_F2,07/19/2023,11:05:00,397.7000,397.7000,397.7000,397.7000,2000,484000,
BSOFT_F2,07/19/2023,11:22:00,398.0000,398.0000,398.0000,398.0000,4000,486000,
BSOFT_F2,07/19/2023,11:23:00,398.2000,398.2000,398.2000,398.2000,2000,486000,
BSOFT_F2,07/19/2023,11:26:00,396.9000,397.1000,396.9000,397.1000,6000,484000,
BSOFT_F2,07/19/2023,11:28:00,397.6000,397.6000,397.6000,397.6000,2000,478000,
BSOFT_F2,07/19/2023,11:31:00,397.0000,397.0000,397.0000,397.0000,2000,478000,
BSOFT_F2,07/19/2023,11:32:00,397.3000,397.3000,397.3000,397.3000,2000,478000,
BSOFT_F2,07/19/2023,11:40:00,397.2500,397.2500,397.2500,397.2500,2000,480000,
BSOFT_F2,07/19/2023,11:42:00,397.3000,397.3000,397.3000,397.3000,2000,480000,
BSOFT_F2,07/19/2023,11:52:00,397.7500,397.7500,397.7500,397.7500,2000,478000,
BSOFT_F2,07/19/2023,11:55:00,398.2500,398.2500,398.2500,398.2500,4000,478000,
BSOFT_F2,07/19/2023,11:56:00,398.2500,398.2500,398.2500,398.2500,2000,478000,
BSOFT_F2,07/19/2023,12:05:00,398.8000,399.0000,398.8000,399.0000,8000,478000,
BSOFT_F2,07/19/2023,12:07:00,399.9500,399.9500,399.9500,399.9500,6000,482000,
BSOFT_F2,07/19/2023,12:08:00,400.0000,400.3500,400.0000,400.3500,12000,482000,
BSOFT_F2,07/19/2023,12:09:00,400.4000,400.4000,400.4000,400.4000,16000,484000,
BSOFT_F2,07/19/2023,12:10:00,400.2000,400.2000,400.2000,400.2000,2000,484000,
BSOFT_F2,07/19/2023,12:11:00,399.7500,399.7500,399.7500,399.7500,4000,484000,
BSOFT_F2,07/19/2023,12:13:00,400.1000,400.1000,400.1000,400.1000,4000,486000,
BSOFT_F2,07/19/2023,12:14:00,400.5000,400.5000,400.5000,400.5000,4000,486000,
BSOFT_F2,07/19/2023,12:15:00,400.8500,401.4500,400.8500,401.4500,8000,490000,
BSOFT_F2,07/19/2023,12:16:00,401.5000,401.7500,401.5000,401.7500,8000,490000,
BSOFT_F2,07/19/2023,12:17:00,400.3000,400.6000,400.3000,400.6000,4000,490000,
BSOFT_F2,07/19/2023,12:24:00,399.8000,399.8000,399.8000,399.8000,2000,488000,
BSOFT_F2,07/19/2023,12:29:00,400.0000,400.0000,400.0000,400.0000,4000,490000,
BSOFT_F2,07/19/2023,12:34:00,399.9500,399.9500,399.9500,399.9500,2000,490000,
BSOFT_F2,07/19/2023,12:41:00,400.0500,400.0500,400.0500,400.0500,2000,492000,
BSOFT_F2,07/19/2023,12:50:00,398.8500,398.8500,398.8500,398.8500,6000,490000,
BSOFT_F2,07/19/2023,12:51:00,398.7500,398.7500,398.7500,398.7500,4000,496000,
BSOFT_F2,07/19/2023,12:58:00,398.5500,398.5500,398.5500,398.5500,2000,492000,
BSOFT_F2,07/19/2023,13:03:00,398.6000,398.6000,398.6000,398.6000,2000,492000,
BSOFT_F2,07/19/2023,13:04:00,398.6000,398.6000,398.6000,398.6000,2000,492000,
BSOFT_F2,07/19/2023,13:05:00,398.5000,398.5000,398.5000,398.5000,2000,492000,
BSOFT_F2,07/19/2023,13:13:00,397.6500,397.6500,397.6500,397.6500,20000,490000,
BSOFT_F2,07/19/2023,13:15:00,397.4500,397.4500,397.4500,397.4500,2000,486000,
BSOFT_F2,07/19/2023,13:16:00,396.9500,396.9500,396.9500,396.9500,4000,486000,
BSOFT_F2,07/19/2023,13:20:00,396.7000,396.7000,396.7000,396.7000,4000,484000,
BSOFT_F2,07/19/2023,13:23:00,396.6000,396.6000,396.6000,396.6000,8000,482000,
BSOFT_F2,07/19/2023,13:24:00,396.5500,396.5500,396.0500,396.0500,4000,482000,
BSOFT_F2,07/19/2023,13:26:00,396.0500,396.0500,396.0000,396.0000,6000,482000,
BSOFT_F2,07/19/2023,13:27:00,395.6500,395.9500,395.6500,395.9500,6000,482000,
BSOFT_F2,07/19/2023,13:29:00,395.7500,395.7500,395.7500,395.7500,2000,482000,
BSOFT_F2,07/19/2023,13:31:00,395.7500,395.7500,395.7500,395.7500,2000,480000,
BSOFT_F2,07/19/2023,13:38:00,396.0000,396.0000,396.0000,396.0000,4000,482000,
BSOFT_F2,07/19/2023,13:41:00,396.2000,396.2000,395.9500,395.9500,6000,486000,
BSOFT_F2,07/19/2023,13:45:00,396.1500,396.1500,396.1500,396.1500,2000,484000,
BSOFT_F2,07/19/2023,13:47:00,396.1500,396.1500,396.1500,396.1500,4000,484000,
BSOFT_F2,07/19/2023,13:50:00,396.3500,396.3500,396.2000,396.2000,4000,490000,
BSOFT_F2,07/19/2023,13:51:00,396.1000,396.1000,396.1000,396.1000,2000,488000,
BSOFT_F2,07/19/2023,13:54:00,396.3000,396.3000,396.3000,396.3000,2000,488000,
BSOFT_F2,07/19/2023,13:55:00,396.3000,396.3000,396.3000,396.3000,4000,488000,
BSOFT_F2,07/19/2023,14:03:00,396.3000,396.3000,396.3000,396.3000,6000,492000,
BSOFT_F2,07/19/2023,14:04:00,396.0500,396.0500,395.1000,395.1000,16000,498000,
BSOFT_F2,07/19/2023,14:05:00,394.8000,394.8000,394.8000,394.8000,4000,498000,
BSOFT_F2,07/19/2023,14:13:00,394.5500,394.5500,394.5500,394.5500,2000,498000,
BSOFT_F2,07/19/2023,14:20:00,394.3500,394.3500,394.0500,394.0500,12000,498000,
BSOFT_F2,07/19/2023,14:21:00,394.0500,394.0500,394.0500,394.0500,4000,496000,
BSOFT_F2,07/19/2023,14:23:00,393.9000,393.9000,393.9000,393.9000,4000,496000,
BSOFT_F2,07/19/2023,14:24:00,393.9000,393.9000,393.7500,393.7500,4000,496000,
BSOFT_F2,07/19/2023,14:25:00,393.7500,393.7500,393.7500,393.7500,4000,496000,
BSOFT_F2,07/19/2023,14:26:00,394.3000,394.3000,394.3000,394.3000,2000,496000,
BSOFT_F2,07/19/2023,14:29:00,394.0000,394.0000,394.0000,394.0000,8000,494000,
BSOFT_F2,07/19/2023,14:32:00,395.1500,395.1500,395.1500,395.1500,8000,494000,
BSOFT_F2,07/19/2023,14:34:00,395.0000,395.0000,395.0000,395.0000,2000,494000,
BSOFT_F2,07/19/2023,14:37:00,395.5000,395.5000,395.5000,395.5000,2000,490000,
BSOFT_F2,07/19/2023,14:41:00,395.5000,395.5000,395.5000,395.5000,2000,490000,
BSOFT_F2,07/19/2023,14:42:00,395.8000,395.8000,395.7500,395.7500,4000,490000,
BSOFT_F2,07/19/2023,14:45:00,396.0000,396.0000,396.0000,396.0000,4000,492000,
BSOFT_F2,07/19/2023,14:46:00,395.7000,395.7000,395.7000,395.7000,4000,492000,
BSOFT_F2,07/19/2023,14:47:00,396.0500,396.0500,396.0500,396.0500,2000,492000,
BSOFT_F2,07/19/2023,14:48:00,395.6000,395.6000,395.6000,395.6000,2000,492000,
BSOFT_F2,07/19/2023,14:51:00,397.0500,397.0500,396.7000,396.7000,6000,500000,
BSOFT_F2,07/19/2023,14:55:00,396.7000,396.7000,396.7000,396.7000,2000,502000,
BSOFT_F2,07/19/2023,14:56:00,397.3500,397.3500,397.3500,397.3500,12000,502000,
BSOFT_F2,07/19/2023,14:58:00,396.8000,396.8000,396.8000,396.8000,2000,506000,
BSOFT_F2,07/19/2023,15:01:00,397.8000,397.8000,397.8000,397.8000,6000,506000,
BSOFT_F2,07/19/2023,15:03:00,397.3500,397.3500,397.3500,397.3500,2000,504000,
BSOFT_F2,07/19/2023,15:12:00,397.0500,397.0500,397.0500,397.0500,2000,506000,
BSOFT_F2,07/19/2023,15:15:00,397.0500,397.0500,397.0500,397.0500,2000,508000,
BSOFT_F2,07/19/2023,15:19:00,396.5500,396.5500,396.5500,396.5500,2000,510000,
BSOFT_F2,07/19/2023,15:23:00,396.0000,396.0000,396.0000,396.0000,2000,508000,
BSOFT_F2,07/19/2023,15:25:00,395.9500,395.9500,395.9500,395.9500,2000,508000,
BSOFT_F2,07/19/2023,15:26:00,396.0000,396.0000,396.0000,396.0000,4000,508000,
BSOFT_F2,07/19/2023,15:27:00,396.3000,396.3000,396.3000,396.3000,2000,508000,
BSOFT_F2,07/19/2023,15:29:00,396.8000,396.8000,396.8000,396.8000,4000,506000,
BSOFT_F2,07/20/2023,09:15:00,396.8000,397.7000,396.8000,397.7000,4002,504000,
BSOFT_F2,07/20/2023,09:16:00,397.6000,397.6000,397.6000,397.6000,2000,504000,
BSOFT_F2,07/20/2023,09:17:00,397.7000,397.7000,397.7000,397.7000,2000,504000,
BSOFT_F2,07/20/2023,09:19:00,397.7000,397.7000,397.7000,397.7000,4000,508000,
BSOFT_F2,07/20/2023,09:21:00,396.8500,397.7000,396.8500,397.7000,8000,512000,
BSOFT_F2,07/20/2023,09:22:00,397.6000,398.4000,397.6000,398.4000,4000,512000,
BSOFT_F2,07/20/2023,09:23:00,398.4000,398.4000,398.4000,398.4000,2000,512000,
BSOFT_F2,07/20/2023,09:26:00,397.0000,397.0000,396.4000,396.4000,4000,508000,
BSOFT_F2,07/20/2023,09:30:00,396.4000,396.4000,396.4000,396.4000,2000,508000,
BSOFT_F2,07/20/2023,09:35:00,396.2000,396.2000,396.2000,396.2000,2000,506000,
BSOFT_F2,07/20/2023,09:36:00,396.2000,396.2000,396.2000,396.2000,4000,506000,
BSOFT_F2,07/20/2023,09:40:00,395.5500,395.5500,395.0000,395.0000,4000,506000,
BSOFT_F2,07/20/2023,09:41:00,395.0000,395.0000,395.0000,395.0000,2000,506000,
BSOFT_F2,07/20/2023,09:49:00,394.1000,394.1000,394.1000,394.1000,6000,508000,
BSOFT_F2,07/20/2023,09:50:00,393.9500,393.9500,393.9500,393.9500,4000,508000,
BSOFT_F2,07/20/2023,09:51:00,393.9500,393.9500,393.9500,393.9500,2000,504000,
BSOFT_F2,07/20/2023,09:52:00,394.3000,394.3000,394.3000,394.3000,2000,504000,
BSOFT_F2,07/20/2023,09:53:00,394.0000,394.0000,394.0000,394.0000,2000,504000,
BSOFT_F2,07/20/2023,09:54:00,394.1500,394.1500,394.1500,394.1500,2000,502000,
BSOFT_F2,07/20/2023,09:55:00,394.9000,394.9000,394.8500,394.8500,4000,502000,
BSOFT_F2,07/20/2023,09:56:00,395.5000,395.5000,395.5000,395.5000,6000,502000,
BSOFT_F2,07/20/2023,10:03:00,396.2500,396.2500,396.2500,396.2500,2000,500000,
BSOFT_F2,07/20/2023,10:04:00,395.7000,395.7000,395.7000,395.7000,2000,500000,
BSOFT_F2,07/20/2023,10:34:00,396.0000,396.0000,396.0000,396.0000,2000,502000,
BSOFT_F2,07/20/2023,10:35:00,396.5000,396.5000,396.5000,396.5000,2000,502000,
BSOFT_F2,07/20/2023,10:43:00,396.5000,396.5000,396.5000,396.5000,2000,504000,
BSOFT_F2,07/20/2023,10:48:00,397.0000,397.0000,395.4000,395.4000,32000,504000,
BSOFT_F2,07/20/2023,10:49:00,395.0500,395.0500,395.0500,395.0500,2000,504000,
BSOFT_F2,07/20/2023,10:51:00,394.3500,394.3500,394.3500,394.3500,2000,516000,
BSOFT_F2,07/20/2023,10:53:00,394.1500,394.1500,394.0000,394.0500,6000,516000,
BSOFT_F2,07/20/2023,10:55:00,394.4000,395.2000,394.4000,395.2000,34000,518000,
BSOFT_F2,07/20/2023,10:57:00,395.2000,395.2000,395.2000,395.2000,2000,510000,
BSOFT_F2,07/20/2023,10:59:00,395.6000,395.8000,395.6000,395.8000,8000,510000,
BSOFT_F2,07/20/2023,11:02:00,396.4000,396.4000,396.4000,396.4000,2000,518000,
BSOFT_F2,07/20/2023,11:04:00,394.4500,394.4500,394.4500,394.4500,26000,520000,
BSOFT_F2,07/20/2023,11:05:00,394.5000,394.5000,394.5000,394.5000,2000,520000,
BSOFT_F2,07/20/2023,11:06:00,395.1000,395.1000,395.1000,395.1000,18000,530000,
BSOFT_F2,07/20/2023,11:07:00,395.1000,395.1000,395.1000,395.1000,4000,530000,
BSOFT_F2,07/20/2023,11:14:00,394.0500,394.0500,394.0500,394.0500,18000,528000,
BSOFT_F2,07/20/2023,11:17:00,394.0000,394.0000,394.0000,394.0000,6000,544000,
BSOFT_F2,07/20/2023,11:20:00,393.0000,393.0000,393.0000,393.0000,4000,546000,
BSOFT_F2,07/20/2023,11:21:00,393.4000,393.4000,393.4000,393.4000,2000,546000,
BSOFT_F2,07/20/2023,11:25:00,393.4500,393.4500,393.4500,393.4500,4000,546000,
BSOFT_F2,07/20/2023,11:31:00,395.1000,395.1000,395.1000,395.1000,2000,546000,
BSOFT_F2,07/20/2023,11:33:00,394.9000,394.9000,394.9000,394.9000,6000,546000,
BSOFT_F2,07/20/2023,11:36:00,395.7500,395.7500,395.7500,395.7500,4000,546000,
BSOFT_F2,07/20/2023,12:01:00,395.5000,395.5000,395.5000,395.5000,2000,546000,
BSOFT_F2,07/20/2023,12:02:00,395.5500,395.5500,395.5500,395.5500,2000,546000,
BSOFT_F2,07/20/2023,12:07:00,395.0500,395.0500,395.0500,395.0500,2000,546000,
BSOFT_F2,07/20/2023,12:14:00,394.9000,394.9000,394.9000,394.9000,2000,548000,
BSOFT_F2,07/20/2023,12:16:00,394.4000,394.4000,394.4000,394.4000,2000,550000,
BSOFT_F2,07/20/2023,12:23:00,394.2500,394.2500,394.2500,394.2500,2000,550000,
BSOFT_F2,07/20/2023,12:28:00,394.5500,394.5500,394.5500,394.5500,2000,548000,
BSOFT_F2,07/20/2023,12:58:00,396.0500,396.0500,396.0500,396.0500,2000,550000,
BSOFT_F2,07/20/2023,13:00:00,395.6500,395.6500,395.6500,395.6500,4000,550000,
BSOFT_F2,07/20/2023,13:02:00,394.7000,394.7000,394.7000,394.7000,2000,548000,
BSOFT_F2,07/20/2023,13:16:00,394.7500,394.7500,394.7500,394.7500,2000,546000,
BSOFT_F2,07/20/2023,13:17:00,394.8000,394.8000,394.8000,394.8000,2000,546000,
BSOFT_F2,07/20/2023,13:22:00,394.7500,394.7500,394.7500,394.7500,2000,550000,
BSOFT_F2,07/20/2023,13:38:00,394.5000,394.5000,394.5000,394.5000,2000,548000,
BSOFT_F2,07/20/2023,13:51:00,394.5000,394.5000,394.5000,394.5000,2000,550000,
BSOFT_F2,07/20/2023,13:58:00,394.5500,394.5500,394.5500,394.5500,2000,552000,
BSOFT_F2,07/20/2023,13:59:00,394.8000,394.8000,394.8000,394.8000,4000,552000,
BSOFT_F2,07/20/2023,14:00:00,395.0500,395.0500,395.0500,395.0500,10000,552000,
BSOFT_F2,07/20/2023,14:04:00,395.3500,395.3500,395.3500,395.3500,8000,562000,
BSOFT_F2,07/20/2023,14:11:00,395.3500,395.3500,395.3500,395.3500,4000,564000,
BSOFT_F2,07/20/2023,14:17:00,394.2000,394.2000,394.2000,394.2000,2000,568000,
BSOFT_F2,07/20/2023,14:18:00,394.2000,394.2000,394.2000,394.2000,2000,568000,
BSOFT_F2,07/20/2023,14:19:00,394.2000,394.2000,394.2000,394.2000,2000,568000,
BSOFT_F2,07/20/2023,14:23:00,393.9500,393.9500,393.9500,393.9500,4000,566000,
BSOFT_F2,07/20/2023,14:24:00,393.9500,393.9500,393.5000,393.6500,8000,566000,
BSOFT_F2,07/20/2023,14:25:00,393.8000,393.8000,393.8000,393.8000,4000,566000,
BSOFT_F2,07/20/2023,14:26:00,393.9500,393.9500,393.9500,393.9500,4000,574000,
BSOFT_F2,07/20/2023,14:27:00,393.9500,393.9500,393.9000,393.9000,8000,574000,
BSOFT_F2,07/20/2023,14:28:00,393.9500,393.9500,393.9500,393.9500,2000,580000,
BSOFT_F2,07/20/2023,14:29:00,393.9500,393.9500,393.8000,393.8000,16000,580000,
BSOFT_F2,07/20/2023,14:30:00,394.0000,394.0000,394.0000,394.0000,2000,580000,
BSOFT_F2,07/20/2023,14:34:00,393.6500,393.6500,393.6500,393.6500,4000,588000,
BSOFT_F2,07/20/2023,14:35:00,393.9500,393.9500,393.9500,393.9500,6000,588000,
BSOFT_F2,07/20/2023,14:36:00,394.9500,395.5000,394.9500,395.5000,10000,588000,
BSOFT_F2,07/20/2023,14:38:00,395.5000,395.5000,395.5000,395.5000,2000,596000,
BSOFT_F2,07/20/2023,14:39:00,395.9500,395.9500,395.9500,395.9500,6000,596000,
BSOFT_F2,07/20/2023,14:40:00,395.9500,395.9500,395.9500,395.9500,2000,602000,
BSOFT_F2,07/20/2023,14:41:00,395.8000,396.0000,395.8000,396.0000,8000,602000,
BSOFT_F2,07/20/2023,14:42:00,396.0000,396.0000,395.8000,395.8000,12000,602000,
BSOFT_F2,07/20/2023,14:43:00,395.2000,395.2000,395.2000,395.2000,2000,608000,
BSOFT_F2,07/20/2023,14:45:00,395.2000,395.2000,395.2000,395.2000,2000,608000,
BSOFT_F2,07/20/2023,14:47:00,394.6500,395.0000,394.5000,394.5000,8000,610000,
BSOFT_F2,07/20/2023,14:54:00,394.5000,394.5000,394.5000,394.5000,2000,608000,
BSOFT_F2,07/20/2023,14:56:00,394.8500,394.8500,394.8500,394.8500,2000,608000,
BSOFT_F2,07/20/2023,15:00:00,395.8000,395.8000,395.8000,395.8000,2000,610000,
BSOFT_F2,07/20/2023,15:01:00,395.7500,395.7500,395.7500,395.7500,2000,610000,
BSOFT_F2,07/20/2023,15:03:00,396.8000,396.8000,396.3000,396.3000,12000,612000,
BSOFT_F2,07/20/2023,15:11:00,395.5000,395.5000,395.5000,395.5000,2000,608000,
BSOFT_F2,07/20/2023,15:12:00,395.5000,395.5000,395.5000,395.5000,6000,608000,
BSOFT_F2,07/20/2023,15:16:00,395.0500,395.0500,395.0500,395.0500,2000,608000,
BSOFT_F2,07/20/2023,15:19:00,395.8500,395.8500,395.8500,395.8500,4000,608000,
BSOFT_F2,07/20/2023,15:20:00,395.5000,395.5000,395.5000,395.5000,2000,608000,
BSOFT_F2,07/20/2023,15:21:00,395.5000,395.5000,395.5000,395.5000,4000,608000,
BSOFT_F2,07/20/2023,15:22:00,396.0000,396.0000,396.0000,396.0000,2000,606000,
BSOFT_F2,07/20/2023,15:23:00,396.0000,396.0000,395.6000,395.6000,4000,606000,
BSOFT_F2,07/20/2023,15:24:00,395.8000,395.8000,395.7500,395.7500,6000,606000,
BSOFT_F2,07/20/2023,15:25:00,395.9500,395.9500,395.9500,395.9500,14000,598000,
BSOFT_F2,07/20/2023,15:26:00,395.9500,395.9500,395.9500,395.9500,2000,598000,
BSOFT_F2,07/20/2023,15:27:00,395.9500,395.9500,395.9500,395.9500,2000,598000,
BSOFT_F2,07/20/2023,15:28:00,395.7500,395.7500,395.7500,395.7500,2000,598000,
BSOFT_F2,07/20/2023,15:29:00,396.0500,396.1000,396.0500,396.1000,4000,598000,
BSOFT_F2,07/21/2023,09:15:00,388.0000,388.0000,384.0000,384.9000,18003,588000,
BSOFT_F2,07/21/2023,09:16:00,387.5000,389.3000,387.5000,389.3000,22000,588000,
BSOFT_F2,07/21/2023,09:17:00,389.3000,389.3000,388.0000,388.0000,6000,598000,
BSOFT_F2,07/21/2023,09:18:00,388.4500,390.4500,388.4500,390.4500,32000,598000,
BSOFT_F2,07/21/2023,09:19:00,391.5000,391.5000,391.5000,391.5000,6000,598000,
BSOFT_F2,07/21/2023,09:20:00,391.0000,391.0000,391.0000,391.0000,6000,614000,
BSOFT_F2,07/21/2023,09:21:00,391.3000,391.3000,390.8500,390.8500,10000,614000,
BSOFT_F2,07/21/2023,09:22:00,391.7000,391.7000,391.7000,391.7000,6000,614000,
BSOFT_F2,07/21/2023,09:23:00,391.7500,392.4500,391.7500,392.4500,8000,606000,
BSOFT_F2,07/21/2023,09:25:00,393.3000,394.0000,393.3000,394.0000,46000,606000,
BSOFT_F2,07/21/2023,09:26:00,394.5000,394.5000,394.5000,394.5000,14000,606000,
BSOFT_F2,07/21/2023,09:27:00,394.6000,394.8000,394.6000,394.8000,10000,630000,
BSOFT_F2,07/21/2023,09:28:00,394.0000,394.0000,393.4500,393.4500,16000,630000,
BSOFT_F2,07/21/2023,09:29:00,393.0000,393.0000,392.5000,392.5000,6000,620000,
BSOFT_F2,07/21/2023,09:30:00,392.5500,392.8000,392.5000,392.8000,16000,620000,
BSOFT_F2,07/21/2023,09:31:00,391.3000,391.3000,391.3000,391.3000,4000,620000,
BSOFT_F2,07/21/2023,09:32:00,391.1000,391.1000,391.1000,391.1000,2000,620000,
BSOFT_F2,07/21/2023,09:33:00,392.2500,392.2500,391.8000,391.8000,10000,630000,
BSOFT_F2,07/21/2023,09:34:00,391.7000,391.7000,391.3000,391.3000,8000,630000,
BSOFT_F2,07/21/2023,09:35:00,391.0500,391.5000,390.7500,390.7500,14000,626000,
BSOFT_F2,07/21/2023,09:36:00,390.9000,390.9000,390.9000,390.9000,2000,626000,
BSOFT_F2,07/21/2023,09:37:00,391.6500,391.6500,391.6500,391.6500,2000,626000,
BSOFT_F2,07/21/2023,09:39:00,391.2000,391.2000,391.2000,391.2000,4000,624000,
BSOFT_F2,07/21/2023,09:40:00,391.6500,392.5500,391.6500,392.5500,8000,624000,
BSOFT_F2,07/21/2023,09:42:00,392.5500,393.5000,392.5500,393.5000,8000,620000,
BSOFT_F2,07/21/2023,09:43:00,393.5000,393.5000,393.2000,393.2000,6000,620000,
BSOFT_F2,07/21/2023,09:44:00,393.2500,393.9500,393.2500,393.9500,6000,630000,
BSOFT_F2,07/21/2023,09:45:00,393.0500,394.5000,393.0500,394.5000,6000,630000,
BSOFT_F2,07/21/2023,09:46:00,393.3000,393.3000,393.3000,393.3000,2000,630000,
BSOFT_F2,07/21/2023,09:47:00,393.6500,393.6500,393.6500,393.6500,2000,630000,
BSOFT_F2,07/21/2023,09:48:00,393.3000,393.4500,393.3000,393.4500,8000,630000,
BSOFT_F2,07/21/2023,09:50:00,393.2000,393.2000,393.2000,393.2000,2000,634000,
BSOFT_F2,07/21/2023,09:52:00,393.5000,393.5000,393.5000,393.5000,4000,634000,
BSOFT_F2,07/21/2023,09:53:00,394.1000,394.1000,394.1000,394.1000,2000,634000,
BSOFT_F2,07/21/2023,09:54:00,394.1000,394.1000,394.1000,394.1000,2000,632000,
BSOFT_F2,07/21/2023,09:55:00,395.1000,395.5000,395.1000,395.5000,6000,632000,
BSOFT_F2,07/21/2023,09:56:00,395.8000,396.2500,395.3500,395.3500,14000,632000,
BSOFT_F2,07/21/2023,09:58:00,395.3500,395.3500,395.3500,395.3500,2000,628000,
BSOFT_F2,07/21/2023,09:59:00,395.5000,395.5000,395.5000,395.5000,2000,628000,
BSOFT_F2,07/21/2023,10:00:00,395.2500,395.2500,395.0000,395.0000,14000,632000,
BSOFT_F2,07/21/2023,10:01:00,394.6000,394.6000,394.0000,394.0000,8000,632000,
BSOFT_F2,07/21/2023,10:02:00,394.6000,394.6000,394.6000,394.6000,2000,634000,
BSOFT_F2,07/21/2023,10:03:00,394.6000,394.6000,394.6000,394.6000,2000,634000,
BSOFT_F2,07/21/2023,10:04:00,394.6000,394.6000,394.6000,394.6000,2000,634000,
BSOFT_F2,07/21/2023,10:05:00,395.2500,395.2500,395.2500,395.2500,2000,634000,
BSOFT_F2,07/21/2023,10:06:00,395.2000,395.2000,395.2000,395.2000,2000,636000,
BSOFT_F2,07/21/2023,10:10:00,395.5000,396.2000,395.5000,396.2000,6000,636000,
BSOFT_F2,07/21/2023,10:11:00,396.5000,396.5000,396.5000,396.5000,6000,636000,
BSOFT_F2,07/21/2023,10:12:00,395.2500,395.2500,395.2500,395.2500,2000,632000,
BSOFT_F2,07/21/2023,10:15:00,396.2000,396.2000,396.2000,396.2000,12000,634000,
BSOFT_F2,07/21/2023,10:16:00,396.2000,396.2000,396.2000,396.2000,2000,634000,
BSOFT_F2,07/21/2023,10:17:00,396.2000,396.2000,396.2000,396.2000,2000,634000,
BSOFT_F2,07/21/2023,10:18:00,395.9000,395.9000,395.9000,395.9000,2000,638000,
BSOFT_F2,07/21/2023,10:19:00,395.9500,396.2000,395.9500,396.2000,4000,638000,
BSOFT_F2,07/21/2023,10:21:00,396.0500,396.3500,396.0500,396.3500,4000,636000,
BSOFT_F2,07/21/2023,10:22:00,396.2000,396.2000,396.2000,396.2000,4000,636000,
BSOFT_F2,07/21/2023,10:24:00,395.9500,395.9500,395.9500,395.9500,26000,636000,
BSOFT_F2,07/21/2023,10:25:00,394.5500,394.5500,394.5500,394.5500,4000,636000,
BSOFT_F2,07/21/2023,10:26:00,395.6000,395.6000,395.6000,395.6000,4000,636000,
BSOFT_F2,07/21/2023,10:27:00,395.6000,395.6000,395.6000,395.6000,2000,656000,
BSOFT_F2,07/21/2023,10:33:00,395.6000,395.6000,395.6000,395.6000,2000,656000,
BSOFT_F2,07/21/2023,10:37:00,393.5500,393.5500,393.5500,393.5500,16000,656000,
BSOFT_F2,07/21/2023,10:38:00,393.3000,393.3000,392.7500,392.7500,40000,656000,
BSOFT_F2,07/21/2023,10:39:00,393.0500,393.0500,393.0500,393.0500,4000,660000,
BSOFT_F2,07/21/2023,10:40:00,392.5500,392.5500,392.5500,392.5500,6000,660000,
BSOFT_F2,07/21/2023,10:42:00,392.9000,392.9000,392.9000,392.9000,2000,666000,
BSOFT_F2,07/21/2023,10:43:00,392.9000,392.9000,392.9000,392.9000,2000,666000,
BSOFT_F2,07/21/2023,10:45:00,392.9000,392.9000,392.9000,392.9000,2000,668000,
BSOFT_F2,07/21/2023,10:46:00,393.5000,393.5000,393.5000,393.5000,2000,668000,
BSOFT_F2,07/21/2023,10:47:00,393.5000,393.5000,393.0000,393.0000,4000,668000,
BSOFT_F2,07/21/2023,10:50:00,392.5000,392.5000,392.5000,392.5000,6000,666000,
BSOFT_F2,07/21/2023,10:51:00,392.9000,392.9000,392.9000,392.9000,2000,670000,
BSOFT_F2,07/21/2023,10:54:00,392.9000,392.9000,392.9000,392.9000,2000,672000,
BSOFT_F2,07/21/2023,10:56:00,393.3000,393.3000,393.3000,393.3000,4000,672000,
BSOFT_F2,07/21/2023,10:59:00,392.6000,392.6000,392.0000,392.0000,8000,672000,
BSOFT_F2,07/21/2023,11:00:00,391.9500,391.9500,391.9500,391.9500,4000,672000,
BSOFT_F2,07/21/2023,11:01:00,391.5500,391.5500,391.5500,391.5500,2000,672000,
BSOFT_F2,07/21/2023,11:02:00,391.5500,391.5500,391.5500,391.5500,2000,672000,
BSOFT_F2,07/21/2023,11:06:00,391.7000,391.7000,391.7000,391.7000,4000,670000,
BSOFT_F2,07/21/2023,11:08:00,391.7000,392.3000,391.7000,392.3000,4000,670000,
BSOFT_F2,07/21/2023,11:11:00,392.3000,392.3000,392.3000,392.3000,2000,666000,
BSOFT_F2,07/21/2023,11:12:00,392.1500,392.1500,392.1500,392.1500,2000,666000,
BSOFT_F2,07/21/2023,11:13:00,391.7000,391.7000,391.7000,391.7000,2000,666000,
BSOFT_F2,07/21/2023,11:14:00,391.7000,391.7000,391.5500,391.5500,6000,666000,
BSOFT_F2,07/21/2023,11:18:00,391.5500,391.5500,391.5500,391.5500,2000,664000,
BSOFT_F2,07/21/2023,11:21:00,391.5500,391.5500,391.5500,391.5500,2000,666000,
BSOFT_F2,07/21/2023,11:23:00,391.5500,391.5500,391.5500,391.5500,2000,668000,
BSOFT_F2,07/21/2023,11:24:00,391.5500,391.5500,391.5500,391.5500,2000,668000,
BSOFT_F2,07/21/2023,11:26:00,392.5500,392.5500,392.5500,392.5500,2000,668000,
BSOFT_F2,07/21/2023,11:30:00,392.5500,392.5500,392.5500,392.5500,2000,674000,
BSOFT_F2,07/21/2023,11:33:00,392.5500,392.5500,392.5500,392.5500,2000,676000,
BSOFT_F2,07/21/2023,11:36:00,392.5500,392.5500,392.5500,392.5500,2000,678000,
BSOFT_F2,07/21/2023,11:40:00,392.5500,392.5500,392.5500,392.5500,2000,680000,
BSOFT_F2,07/21/2023,11:42:00,392.5500,392.5500,391.9000,391.9000,8000,680000,
BSOFT_F2,07/21/2023,11:44:00,391.9500,391.9500,391.9500,391.9500,6000,680000,
BSOFT_F2,07/21/2023,11:47:00,391.9500,391.9500,391.9500,391.9500,2000,682000,
BSOFT_F2,07/21/2023,11:48:00,391.9500,391.9500,391.9500,391.9500,2000,682000,
BSOFT_F2,07/21/2023,11:49:00,391.5500,391.5500,391.5500,391.5500,2000,682000,
BSOFT_F2,07/21/2023,11:50:00,392.0000,392.0000,391.9000,391.9000,4000,682000,
BSOFT_F2,07/21/2023,11:52:00,392.2500,392.2500,392.2500,392.2500,4000,688000,
BSOFT_F2,07/21/2023,11:53:00,392.3000,392.3000,392.3000,392.3000,2000,688000,
BSOFT_F2,07/21/2023,11:54:00,392.7500,392.7500,392.7500,392.7500,4000,690000,
BSOFT_F2,07/21/2023,11:55:00,392.2000,392.2000,392.2000,392.2000,2000,690000,
BSOFT_F2,07/21/2023,11:58:00,392.2000,392.2000,392.2000,392.2000,2000,688000,
BSOFT_F2,07/21/2023,12:02:00,391.0000,391.0000,391.0000,391.0000,2000,690000,
BSOFT_F2,07/21/2023,12:03:00,391.0000,391.0000,391.0000,391.0000,2000,690000,
BSOFT_F2,07/21/2023,12:04:00,391.0500,391.0500,391.0500,391.0500,2000,690000,
BSOFT_F2,07/21/2023,12:06:00,391.0500,391.0500,391.0500,391.0500,2000,690000,
BSOFT_F2,07/21/2023,12:07:00,391.2500,391.2500,391.2500,391.2500,2000,690000,
BSOFT_F2,07/21/2023,12:08:00,391.6500,391.6500,391.6500,391.6500,2000,690000,
BSOFT_F2,07/21/2023,12:09:00,392.0500,392.0500,392.0500,392.0500,6000,690000,
BSOFT_F2,07/21/2023,12:10:00,392.0500,392.0500,392.0500,392.0500,4000,690000,
BSOFT_F2,07/21/2023,12:11:00,392.5000,392.5000,392.5000,392.5000,2000,690000,
BSOFT_F2,07/21/2023,12:16:00,392.5000,392.5000,392.5000,392.5000,2000,694000,
BSOFT_F2,07/21/2023,12:17:00,392.1500,392.1500,392.1500,392.1500,2000,694000,
BSOFT_F2,07/21/2023,12:20:00,392.1500,392.1500,392.1500,392.1500,6000,696000,
BSOFT_F2,07/21/2023,12:25:00,392.1500,392.1500,392.1500,392.1500,2000,702000,
BSOFT_F2,07/21/2023,12:28:00,392.1500,392.1500,391.1000,391.1000,4000,704000,
BSOFT_F2,07/21/2023,12:30:00,392.0000,392.0000,392.0000,392.0000,8000,706000,
BSOFT_F2,07/21/2023,12:32:00,392.0000,392.0000,392.0000,392.0000,2000,706000,
BSOFT_F2,07/21/2023,12:36:00,391.9000,391.9000,391.9000,391.9000,2000,708000,
BSOFT_F2,07/21/2023,12:37:00,392.1000,392.1000,392.1000,392.1000,2000,708000,
BSOFT_F2,07/21/2023,12:38:00,392.2000,392.2000,392.0000,392.0000,10000,708000,
BSOFT_F2,07/21/2023,12:39:00,391.6000,391.6000,390.8500,390.8500,6000,708000,
BSOFT_F2,07/21/2023,12:40:00,390.7000,390.7000,390.7000,390.7000,2000,708000,
BSOFT_F2,07/21/2023,12:41:00,390.7000,390.7000,390.7000,390.7000,2000,708000,
BSOFT_F2,07/21/2023,12:43:00,390.6000,390.6000,390.6000,390.6000,2000,708000,
BSOFT_F2,07/21/2023,12:44:00,390.2000,390.2000,390.2000,390.2000,6000,708000,
BSOFT_F2,07/21/2023,12:47:00,389.9000,389.9000,389.9000,389.9000,6000,706000,
BSOFT_F2,07/21/2023,12:50:00,389.9000,389.9000,389.9000,389.9000,4000,706000,
BSOFT_F2,07/21/2023,12:51:00,390.4000,390.4000,390.1500,390.1500,6000,710000,
BSOFT_F2,07/21/2023,12:52:00,389.6000,389.6000,389.6000,389.6000,2000,710000,
BSOFT_F2,07/21/2023,12:54:00,389.6000,389.6000,389.6000,389.6000,4000,718000,
BSOFT_F2,07/21/2023,12:57:00,390.3000,390.3000,390.3000,390.3000,2000,720000,
BSOFT_F2,07/21/2023,12:58:00,390.6000,390.6000,390.3000,390.3000,12000,720000,
BSOFT_F2,07/21/2023,12:59:00,389.4500,389.4500,389.4500,389.4500,2000,720000,
BSOFT_F2,07/21/2023,13:00:00,389.4500,389.7000,389.4500,389.7000,6000,728000,
BSOFT_F2,07/21/2023,13:01:00,390.1000,390.1000,390.1000,390.1000,2000,728000,
BSOFT_F2,07/21/2023,13:02:00,389.9500,389.9500,389.9500,389.9500,2000,728000,
BSOFT_F2,07/21/2023,13:06:00,389.9500,389.9500,389.4500,389.4500,8000,728000,
BSOFT_F2,07/21/2023,13:11:00,390.0000,390.0000,390.0000,390.0000,4000,732000,
BSOFT_F2,07/21/2023,13:12:00,390.0000,390.0000,390.0000,390.0000,4000,734000,
BSOFT_F2,07/21/2023,13:15:00,390.0000,390.0000,390.0000,390.0000,4000,732000,
BSOFT_F2,07/21/2023,13:16:00,389.7000,389.7000,389.7000,389.7000,2000,732000,
BSOFT_F2,07/21/2023,13:17:00,389.7000,389.7000,389.7000,389.7000,2000,732000,
BSOFT_F2,07/21/2023,13:19:00,389.7000,389.7000,389.7000,389.7000,2000,730000,
BSOFT_F2,07/21/2023,13:23:00,389.7000,389.7000,389.7000,389.7000,2000,732000,
BSOFT_F2,07/21/2023,13:24:00,389.7000,389.7000,389.7000,389.7000,2000,732000,
BSOFT_F2,07/21/2023,13:28:00,389.7000,389.7000,389.7000,389.7000,2000,736000,
BSOFT_F2,07/21/2023,13:31:00,390.6500,390.6500,390.6500,390.6500,2000,738000,
BSOFT_F2,07/21/2023,13:33:00,390.6500,390.6500,390.6500,390.6500,2000,738000,
BSOFT_F2,07/21/2023,13:34:00,390.6500,390.6500,390.6500,390.6500,2000,738000,
BSOFT_F2,07/21/2023,13:36:00,390.6500,390.6500,390.6500,390.6500,2000,742000,
BSOFT_F2,07/21/2023,13:37:00,390.6500,390.6500,390.6500,390.6500,4000,742000,
BSOFT_F2,07/21/2023,13:39:00,390.6500,390.6500,390.6500,390.6500,2000,742000,
BSOFT_F2,07/21/2023,13:41:00,390.8500,391.0000,390.8500,391.0000,12000,742000,
BSOFT_F2,07/21/2023,13:42:00,391.0000,391.0000,391.0000,391.0000,2000,748000,
BSOFT_F2,07/21/2023,13:43:00,391.0000,391.0000,391.0000,391.0000,2000,748000,
BSOFT_F2,07/21/2023,13:44:00,391.0000,391.0000,391.0000,391.0000,4000,748000,
BSOFT_F2,07/21/2023,13:45:00,391.0000,391.0000,391.0000,391.0000,4000,754000,
BSOFT_F2,07/21/2023,13:46:00,391.1500,391.6500,391.1500,391.6500,6000,754000,
BSOFT_F2,07/21/2023,13:47:00,391.7500,391.7500,391.7500,391.7500,4000,754000,
BSOFT_F2,07/21/2023,13:48:00,392.0000,392.2000,392.0000,392.2000,22000,766000,
BSOFT_F2,07/21/2023,13:49:00,392.2000,392.2000,392.2000,392.2000,20000,766000,
BSOFT_F2,07/21/2023,13:50:00,392.2000,392.2000,392.2000,392.2000,2000,766000,
BSOFT_F2,07/21/2023,13:51:00,392.4000,392.4000,392.4000,392.4000,6000,790000,
BSOFT_F2,07/21/2023,13:52:00,392.4000,392.4000,392.4000,392.4000,6000,790000,
BSOFT_F2,07/21/2023,13:53:00,392.4000,392.4000,392.4000,392.4000,4000,790000,
BSOFT_F2,07/21/2023,13:55:00,391.0500,391.0500,391.0500,391.0500,6000,804000,
BSOFT_F2,07/21/2023,13:56:00,391.0500,391.0500,391.0500,391.0500,4000,804000,
BSOFT_F2,07/21/2023,13:57:00,391.0500,391.0500,391.0500,391.0500,4000,812000,
BSOFT_F2,07/21/2023,13:58:00,391.0500,391.0500,391.0500,391.0500,4000,812000,
BSOFT_F2,07/21/2023,13:59:00,391.0500,391.0500,391.0500,391.0500,2000,812000,
BSOFT_F2,07/21/2023,14:00:00,390.0000,390.2500,390.0000,390.2500,10000,822000,
BSOFT_F2,07/21/2023,14:01:00,390.2500,390.2500,390.2500,390.2500,2000,822000,
BSOFT_F2,07/21/2023,14:02:00,390.2500,390.2500,390.2500,390.2500,2000,822000,
BSOFT_F2,07/21/2023,14:03:00,391.0000,391.0000,391.0000,391.0000,12000,828000,
BSOFT_F2,07/21/2023,14:04:00,391.2000,391.2000,391.2000,391.2000,8000,828000,
BSOFT_F2,07/21/2023,14:05:00,391.2000,391.2000,391.2000,391.2000,2000,828000,
BSOFT_F2,07/21/2023,14:06:00,391.5000,392.0000,391.5000,392.0000,36000,858000,
BSOFT_F2,07/21/2023,14:07:00,392.9500,392.9500,392.1000,392.1000,66000,858000,
BSOFT_F2,07/21/2023,14:08:00,392.1000,392.1000,392.1000,392.1000,2000,858000,
BSOFT_F2,07/21/2023,14:09:00,391.6000,391.6000,391.6000,391.6000,4000,926000,
BSOFT_F2,07/21/2023,14:10:00,391.6000,391.6000,391.6000,391.6000,2000,926000,
BSOFT_F2,07/21/2023,14:11:00,391.6000,391.6000,391.6000,391.6000,2000,926000,
BSOFT_F2,07/21/2023,14:12:00,390.6500,390.6500,390.4500,390.4500,6000,936000,
BSOFT_F2,07/21/2023,14:13:00,390.4500,390.4500,390.4500,390.4500,4000,936000,
BSOFT_F2,07/21/2023,14:14:00,390.0000,390.0000,389.6500,389.6500,8000,936000,
BSOFT_F2,07/21/2023,14:15:00,389.4500,389.4500,389.4000,389.4000,58000,944000,
BSOFT_F2,07/21/2023,14:16:00,388.9500,389.0000,388.9500,389.0000,56000,944000,
BSOFT_F2,07/21/2023,14:17:00,389.4000,389.4500,389.4000,389.4500,6000,944000,
BSOFT_F2,07/21/2023,14:18:00,389.4500,390.0000,389.4500,390.0000,10000,954000,
BSOFT_F2,07/21/2023,14:19:00,389.8000,389.8000,389.8000,389.8000,8000,954000,
BSOFT_F2,07/21/2023,14:20:00,389.8000,389.9500,389.8000,389.9500,6000,954000,
BSOFT_F2,07/21/2023,14:21:00,389.6000,389.6000,389.2000,389.2000,10000,970000,
BSOFT_F2,07/21/2023,14:22:00,389.2000,389.2000,389.2000,389.2000,2000,970000,
BSOFT_F2,07/21/2023,14:23:00,389.2000,389.2000,389.2000,389.2000,2000,970000,
BSOFT_F2,07/21/2023,14:24:00,389.2000,389.2000,389.2000,389.2000,2000,974000,
BSOFT_F2,07/21/2023,14:25:00,389.2000,389.2000,389.2000,389.2000,4000,974000,
BSOFT_F2,07/21/2023,14:26:00,389.2000,389.2000,389.2000,389.2000,2000,974000,
BSOFT_F2,07/21/2023,14:27:00,389.2000,389.2000,389.2000,389.2000,4000,984000,
BSOFT_F2,07/21/2023,14:28:00,389.4500,389.4500,389.4500,389.4500,6000,984000,
BSOFT_F2,07/21/2023,14:29:00,390.3000,390.3000,390.3000,390.3000,6000,984000,
BSOFT_F2,07/21/2023,14:30:00,390.1500,390.1500,390.1500,390.1500,4000,994000,
BSOFT_F2,07/21/2023,14:31:00,390.1500,390.1500,390.1500,390.1500,2000,994000,
BSOFT_F2,07/21/2023,14:32:00,390.1000,390.1000,390.1000,390.1000,2000,994000,
BSOFT_F2,07/21/2023,14:33:00,390.0000,390.3000,390.0000,390.3000,10000,1002000,
BSOFT_F2,07/21/2023,14:35:00,390.3000,390.3000,390.3000,390.3000,6000,1002000,
BSOFT_F2,07/21/2023,14:36:00,390.3000,390.3500,390.3000,390.3500,6000,1002000,
BSOFT_F2,07/21/2023,14:37:00,390.3500,390.3500,390.3500,390.3500,2000,1012000,
BSOFT_F2,07/21/2023,14:38:00,390.3500,390.3500,390.3500,390.3500,4000,1012000,
BSOFT_F2,07/21/2023,14:39:00,390.0000,390.0000,390.0000,390.0000,4000,1012000,
BSOFT_F2,07/21/2023,14:40:00,390.0000,390.0000,389.4000,389.4000,6000,1020000,
BSOFT_F2,07/21/2023,14:41:00,389.4000,389.4000,389.4000,389.4000,4000,1020000,
BSOFT_F2,07/21/2023,14:42:00,389.4000,389.4000,389.4000,389.4000,4000,1022000,
BSOFT_F2,07/21/2023,14:43:00,389.4000,389.4000,389.4000,389.4000,2000,1022000,
BSOFT_F2,07/21/2023,14:44:00,389.4000,389.4000,389.4000,389.4000,2000,1022000,
BSOFT_F2,07/21/2023,14:45:00,389.4000,389.4000,389.4000,389.4000,2000,1026000,
BSOFT_F2,07/21/2023,14:46:00,389.4000,389.4000,389.4000,389.4000,2000,1026000,
BSOFT_F2,07/21/2023,14:47:00,389.4000,389.4000,389.4000,389.4000,2000,1026000,
BSOFT_F2,07/21/2023,14:48:00,389.4000,389.4000,389.4000,389.4000,2000,1032000,
BSOFT_F2,07/21/2023,14:50:00,389.4000,389.4000,389.4000,389.4000,6000,1032000,
BSOFT_F2,07/21/2023,14:52:00,389.0000,389.0000,389.0000,389.0000,8000,1040000,
BSOFT_F2,07/21/2023,14:53:00,388.5000,388.5000,388.5000,388.5000,2000,1040000,
BSOFT_F2,07/21/2023,14:54:00,388.5000,388.5000,388.2000,388.2000,6000,1048000,
BSOFT_F2,07/21/2023,14:55:00,388.0000,388.0000,388.0000,388.0000,4000,1048000,
BSOFT_F2,07/21/2023,14:56:00,387.5000,387.5000,387.2500,387.2500,10000,1048000,
BSOFT_F2,07/21/2023,14:57:00,387.2500,387.5000,386.7500,386.7500,16000,1060000,
BSOFT_F2,07/21/2023,14:58:00,387.3500,387.3500,387.3500,387.3500,10000,1060000,
BSOFT_F2,07/21/2023,14:59:00,387.8500,387.8500,387.8000,387.8000,10000,1060000,
BSOFT_F2,07/21/2023,15:00:00,387.6000,387.6000,387.2500,387.3000,12000,1066000,
BSOFT_F2,07/21/2023,15:01:00,387.3000,388.0000,387.3000,388.0000,10000,1066000,
BSOFT_F2,07/21/2023,15:02:00,388.2500,388.5000,388.2500,388.5000,16000,1066000,
BSOFT_F2,07/21/2023,15:03:00,388.5000,388.5000,388.5000,388.5000,2000,1080000,
BSOFT_F2,07/21/2023,15:04:00,388.5000,388.5000,388.5000,388.5000,2000,1080000,
BSOFT_F2,07/21/2023,15:05:00,388.5000,388.5000,388.5000,388.5000,8000,1080000,
BSOFT_F2,07/21/2023,15:06:00,388.5500,388.5500,388.0000,388.0000,10000,1096000,
BSOFT_F2,07/21/2023,15:07:00,387.7500,387.7500,387.7500,387.7500,6000,1096000,
BSOFT_F2,07/21/2023,15:08:00,388.3500,388.3500,388.3500,388.3500,6000,1096000,
BSOFT_F2,07/21/2023,15:09:00,388.5500,388.5500,388.5000,388.5000,8000,1112000,
BSOFT_F2,07/21/2023,15:10:00,388.5000,388.5000,388.5000,388.5000,10000,1112000,
BSOFT_F2,07/21/2023,15:15:00,388.9000,389.4500,388.9000,389.4500,4000,1114000,
BSOFT_F2,07/21/2023,15:16:00,389.1500,389.4500,389.1500,389.4500,4000,1114000,
BSOFT_F2,07/21/2023,15:17:00,389.3000,389.3000,389.3000,389.3000,4000,1114000,
BSOFT_F2,07/21/2023,15:19:00,389.3000,389.3000,389.3000,389.3000,4000,1116000,
BSOFT_F2,07/21/2023,15:20:00,389.3500,389.3500,389.3500,389.3500,4000,1116000,
BSOFT_F2,07/21/2023,15:21:00,389.2000,389.2000,389.2000,389.2000,2000,1116000,
BSOFT_F2,07/21/2023,15:24:00,389.0500,389.0500,389.0500,389.0500,6000,1124000,
BSOFT_F2,07/21/2023,15:25:00,389.0500,389.0500,389.0500,389.0500,2000,1124000,
BSOFT_F2,07/21/2023,15:26:00,388.9000,388.9000,388.9000,388.9000,2000,1124000,
BSOFT_F2,07/21/2023,15:27:00,388.9000,388.9000,388.9000,388.9000,2000,1124000,
BSOFT_F2,07/21/2023,15:28:00,389.2000,389.2000,388.9000,388.9000,4000,1128000,
BSOFT_F2,07/21/2023,15:29:00,388.5000,388.5000,388.5000,388.5000,4000,1128000,
BSOFT_F2,07/21/2023,15:30:00,389.2500,389.2500,389.2500,389.2500,4000,1128000,
BSOFT_F2,07/24/2023,09:15:00,388.7500,388.7500,386.4000,386.4000,6001,1120000,
BSOFT_F2,07/24/2023,09:16:00,386.4000,388.0500,386.4000,388.0500,6000,1120000,
BSOFT_F2,07/24/2023,09:17:00,388.1000,388.8000,388.1000,388.8000,4000,1124000,
BSOFT_F2,07/24/2023,09:18:00,388.9000,388.9000,388.9000,388.9000,6000,1124000,
BSOFT_F2,07/24/2023,09:19:00,387.9000,387.9000,387.9000,387.9000,4000,1124000,
BSOFT_F2,07/24/2023,09:20:00,388.9500,388.9500,388.9500,388.9500,2000,1126000,
BSOFT_F2,07/24/2023,09:21:00,389.5000,389.5000,389.5000,389.5000,4000,1126000,
BSOFT_F2,07/24/2023,09:24:00,389.3000,389.3000,389.3000,389.3000,2000,1124000,
BSOFT_F2,07/24/2023,09:26:00,387.5500,387.5500,387.5500,387.5500,4000,1124000,
BSOFT_F2,07/24/2023,09:27:00,387.0000,387.0000,386.3500,386.3500,10000,1128000,
BSOFT_F2,07/24/2023,09:28:00,386.3000,386.3000,386.3000,386.3000,6000,1128000,
BSOFT_F2,07/24/2023,09:29:00,386.2000,386.8000,386.2000,386.8000,12000,1128000,
BSOFT_F2,07/24/2023,09:31:00,386.9000,386.9000,386.9000,386.9000,2000,1124000,
BSOFT_F2,07/24/2023,09:32:00,386.9000,387.0000,386.9000,387.0000,4000,1124000,
BSOFT_F2,07/24/2023,09:33:00,386.3500,386.3500,386.3500,386.3500,4000,1126000,
BSOFT_F2,07/24/2023,09:34:00,385.7500,385.7500,385.7500,385.7500,4000,1126000,
BSOFT_F2,07/24/2023,09:36:00,385.5000,385.5000,385.5000,385.5000,8000,1126000,
BSOFT_F2,07/24/2023,09:37:00,385.1000,385.1000,385.1000,385.1000,4000,1126000,
BSOFT_F2,07/24/2023,09:38:00,385.1000,385.3500,385.1000,385.3500,8000,1134000,
BSOFT_F2,07/24/2023,09:39:00,384.6000,384.6000,384.6000,384.6000,12000,1134000,
BSOFT_F2,07/24/2023,09:40:00,384.6000,385.8000,384.6000,385.8000,6000,1134000,
BSOFT_F2,07/24/2023,09:41:00,385.2000,385.2000,385.2000,385.2000,14000,1134000,
BSOFT_F2,07/24/2023,09:42:00,385.2000,385.2000,383.8000,383.8000,24000,1126000,
BSOFT_F2,07/24/2023,09:43:00,383.8000,383.8000,383.8000,383.8000,2000,1126000,
BSOFT_F2,07/24/2023,09:44:00,383.8000,383.8000,383.8000,383.8000,2000,1126000,
BSOFT_F2,07/24/2023,09:46:00,383.8000,383.8000,383.8000,383.8000,2000,1128000,
BSOFT_F2,07/24/2023,09:47:00,383.8000,383.8000,383.8000,383.8000,2000,1128000,
BSOFT_F2,07/24/2023,09:48:00,383.8000,383.8000,383.8000,383.8000,6000,1128000,
BSOFT_F2,07/24/2023,09:49:00,383.8000,383.8000,383.8000,383.8000,2000,1128000,
BSOFT_F2,07/24/2023,09:51:00,383.4500,383.4500,383.4500,383.4500,16000,1134000,
BSOFT_F2,07/24/2023,09:52:00,383.3000,383.3000,383.3000,383.3000,12000,1134000,
BSOFT_F2,07/24/2023,09:53:00,383.7500,383.7500,383.7500,383.7500,2000,1134000,
BSOFT_F2,07/24/2023,09:54:00,383.7500,383.7500,383.7500,383.7500,2000,1122000,
BSOFT_F2,07/24/2023,09:56:00,383.9000,383.9000,383.9000,383.9000,2000,1122000,
BSOFT_F2,07/24/2023,09:57:00,383.4000,383.4000,383.4000,383.4000,2000,1122000,
BSOFT_F2,07/24/2023,10:00:00,383.4000,383.4000,383.4000,383.4000,6000,1122000,
BSOFT_F2,07/24/2023,10:01:00,382.8500,382.8500,382.8500,382.8500,14000,1122000,
BSOFT_F2,07/24/2023,10:02:00,382.8500,384.0000,382.8500,384.0000,20000,1122000,
BSOFT_F2,07/24/2023,10:03:00,384.6000,384.6000,384.6000,384.6000,2000,1130000,
BSOFT_F2,07/24/2023,10:04:00,384.6000,384.6000,384.6000,384.6000,2000,1130000,
BSOFT_F2,07/24/2023,10:05:00,384.6000,384.6000,384.6000,384.6000,4000,1132000,
BSOFT_F2,07/24/2023,10:06:00,384.6000,384.6000,384.6000,384.6000,2000,1132000,
BSOFT_F2,07/24/2023,10:09:00,384.4000,384.4000,384.4000,384.4000,2000,1136000,
BSOFT_F2,07/24/2023,10:10:00,384.4000,384.4000,384.4000,384.4000,6000,1136000,
BSOFT_F2,07/24/2023,10:11:00,384.4500,384.4500,384.4500,384.4500,2000,1136000,
BSOFT_F2,07/24/2023,10:12:00,384.4500,384.4500,384.4500,384.4500,2000,1144000,
BSOFT_F2,07/24/2023,10:13:00,384.4500,384.4500,384.4500,384.4500,2000,1144000,
BSOFT_F2,07/24/2023,10:14:00,384.4000,384.4000,384.4000,384.4000,4000,1144000,
BSOFT_F2,07/24/2023,10:15:00,384.4000,384.4000,384.4000,384.4000,2000,1142000,
BSOFT_F2,07/24/2023,10:19:00,384.1500,384.3500,384.1500,384.3500,4000,1144000,
BSOFT_F2,07/24/2023,10:20:00,384.5000,384.6000,384.5000,384.5000,6000,1152000,
BSOFT_F2,07/24/2023,10:21:00,384.5000,384.5000,384.5000,384.5000,2000,1152000,
BSOFT_F2,07/24/2023,10:25:00,384.4000,384.4000,384.4000,384.4000,2000,1156000,
BSOFT_F2,07/24/2023,10:27:00,383.9500,383.9500,383.9500,383.9500,4000,1156000,
BSOFT_F2,07/24/2023,10:29:00,383.9500,385.0000,383.9500,385.0000,6000,1162000,
BSOFT_F2,07/24/2023,10:30:00,385.0000,385.0000,385.0000,385.0000,2000,1162000,
BSOFT_F2,07/24/2023,10:33:00,385.0000,385.0000,385.0000,385.0000,2000,1162000,
BSOFT_F2,07/24/2023,10:34:00,385.3000,385.3000,385.3000,385.3000,4000,1162000,
BSOFT_F2,07/24/2023,10:35:00,385.3000,385.3000,385.3000,385.3000,4000,1162000,
BSOFT_F2,07/24/2023,10:36:00,384.8000,384.8000,384.8000,384.8000,2000,1172000,
BSOFT_F2,07/24/2023,10:37:00,384.8000,384.8000,384.8000,384.8000,2000,1172000,
BSOFT_F2,07/24/2023,10:38:00,383.9500,383.9500,383.9500,383.9500,12000,1174000,
BSOFT_F2,07/24/2023,10:39:00,383.9500,383.9500,383.9500,383.9500,8000,1174000,
BSOFT_F2,07/24/2023,10:40:00,384.7500,384.7500,384.7500,384.7500,6000,1174000,
BSOFT_F2,07/24/2023,10:41:00,384.7500,384.7500,384.7500,384.7500,4000,1174000,
BSOFT_F2,07/24/2023,10:43:00,385.3000,385.3000,385.3000,385.3000,4000,1194000,
BSOFT_F2,07/24/2023,10:44:00,384.8500,384.8500,384.8500,384.8500,4000,1194000,
BSOFT_F2,07/24/2023,10:45:00,385.1000,385.1000,385.1000,385.1000,28000,1198000,
BSOFT_F2,07/24/2023,10:46:00,384.8500,384.8500,384.8500,384.8500,2000,1198000,
BSOFT_F2,07/24/2023,10:47:00,384.8500,384.8500,384.8500,384.8500,4000,1198000,
BSOFT_F2,07/24/2023,10:48:00,385.4500,385.4500,385.4500,385.4500,6000,1226000,
BSOFT_F2,07/24/2023,10:49:00,385.6000,385.6000,385.6000,385.6000,14000,1226000,
BSOFT_F2,07/24/2023,10:50:00,385.6000,385.6000,385.6000,385.6000,4000,1226000,
BSOFT_F2,07/24/2023,10:52:00,385.6000,385.6000,385.6000,385.6000,2000,1238000,
BSOFT_F2,07/24/2023,10:53:00,385.6500,385.6500,385.6500,385.6500,2000,1238000,
BSOFT_F2,07/24/2023,10:54:00,385.5500,385.5500,385.5500,385.5500,2000,1238000,
BSOFT_F2,07/24/2023,10:56:00,385.5500,385.5500,385.5500,385.5500,2000,1242000,
BSOFT_F2,07/24/2023,10:58:00,385.3000,385.3000,385.3000,385.3000,2000,1246000,
BSOFT_F2,07/24/2023,11:00:00,385.3000,385.3000,385.3000,385.3000,4000,1248000,
BSOFT_F2,07/24/2023,11:01:00,385.3000,385.3000,385.3000,385.3000,2000,1248000,
BSOFT_F2,07/24/2023,11:02:00,385.3000,385.3000,385.3000,385.3000,6000,1248000,
BSOFT_F2,07/24/2023,11:03:00,385.3000,385.3000,385.3000,385.3000,4000,1260000,
BSOFT_F2,07/24/2023,11:04:00,385.6500,385.6500,385.6500,385.6500,4000,1260000,
BSOFT_F2,07/24/2023,11:08:00,385.6500,385.6500,385.6500,385.6500,4000,1262000,
BSOFT_F2,07/24/2023,11:09:00,385.6500,385.6500,385.6500,385.6500,6000,1266000,
BSOFT_F2,07/24/2023,11:10:00,385.6500,385.6500,385.6500,385.6500,2000,1266000,
BSOFT_F2,07/24/2023,11:11:00,385.6500,385.6500,385.6500,385.6500,6000,1274000,
BSOFT_F2,07/24/2023,11:12:00,385.6500,385.6500,385.6500,385.6500,4000,1274000,
BSOFT_F2,07/24/2023,11:13:00,385.5000,386.0000,385.5000,386.0000,4000,1274000,
BSOFT_F2,07/24/2023,11:14:00,386.2000,386.2000,386.2000,386.2000,2000,1274000,
BSOFT_F2,07/24/2023,11:15:00,386.2500,386.2500,386.0000,386.0000,4000,1286000,
BSOFT_F2,07/24/2023,11:17:00,386.0000,386.0000,386.0000,386.0000,2000,1286000,
BSOFT_F2,07/24/2023,11:23:00,386.0000,386.0000,386.0000,386.0000,2000,1290000,
BSOFT_F2,07/24/2023,11:24:00,386.0000,386.0000,385.2500,385.2500,10000,1294000,
BSOFT_F2,07/24/2023,11:25:00,385.2500,385.2500,385.2500,385.2500,6000,1294000,
BSOFT_F2,07/24/2023,11:26:00,385.6500,385.6500,385.6500,385.6500,6000,1294000,
BSOFT_F2,07/24/2023,11:28:00,385.6500,385.6500,385.6500,385.6500,2000,1310000,
BSOFT_F2,07/24/2023,11:29:00,385.6500,385.6500,385.6500,385.6500,12000,1310000,
BSOFT_F2,07/24/2023,11:31:00,385.6500,385.6500,385.3500,385.3500,6000,1322000,
BSOFT_F2,07/24/2023,11:34:00,385.2500,385.2500,385.2500,385.2500,2000,1322000,
BSOFT_F2,07/24/2023,11:35:00,385.2500,385.2500,385.2500,385.2500,24000,1322000,
BSOFT_F2,07/24/2023,11:36:00,385.2500,385.2500,385.2500,385.2500,2000,1344000,
BSOFT_F2,07/24/2023,11:37:00,385.2500,385.2500,385.2500,385.2500,2000,1344000,
BSOFT_F2,07/24/2023,11:38:00,385.2000,389.1000,385.2000,389.1000,62000,1358000,
BSOFT_F2,07/24/2023,11:39:00,389.4500,389.6000,387.5000,387.5000,50000,1358000,
BSOFT_F2,07/24/2023,11:40:00,386.3000,386.3000,386.3000,386.3000,6000,1358000,
BSOFT_F2,07/24/2023,11:41:00,386.3000,386.3000,386.0000,386.0000,10000,1358000,
BSOFT_F2,07/24/2023,11:42:00,384.4500,385.2000,384.4500,385.2000,10000,1382000,
BSOFT_F2,07/24/2023,11:45:00,385.0000,385.0000,385.0000,385.0000,8000,1388000,
BSOFT_F2,07/24/2023,11:46:00,385.0000,385.0000,385.0000,385.0000,2000,1388000,
BSOFT_F2,07/24/2023,11:47:00,384.4500,384.4500,384.4500,384.4500,4000,1388000,
BSOFT_F2,07/24/2023,11:48:00,384.1500,384.1500,384.1500,384.1500,2000,1386000,
BSOFT_F2,07/24/2023,11:49:00,383.8500,383.8500,383.6500,383.6500,6000,1386000,
BSOFT_F2,07/24/2023,11:51:00,383.6500,383.6500,383.6500,383.6500,2000,1368000,
BSOFT_F2,07/24/2023,11:52:00,383.4500,383.4500,383.4500,383.4500,6000,1368000,
BSOFT_F2,07/24/2023,11:54:00,383.4500,383.4500,383.4500,383.4500,6000,1374000,
BSOFT_F2,07/24/2023,11:55:00,383.4500,383.4500,383.4500,383.4500,8000,1374000,
BSOFT_F2,07/24/2023,11:56:00,384.6500,384.6500,384.3500,384.3500,6000,1374000,
BSOFT_F2,07/24/2023,11:57:00,384.3500,384.3500,384.3500,384.3500,6000,1386000,
BSOFT_F2,07/24/2023,11:58:00,384.3500,384.3500,384.3500,384.3500,2000,1386000,
BSOFT_F2,07/24/2023,11:59:00,384.5000,384.8500,384.5000,384.8500,8000,1386000,
BSOFT_F2,07/24/2023,12:01:00,384.8500,384.8500,384.8500,384.8500,8000,1398000,
BSOFT_F2,07/24/2023,12:02:00,384.6500,384.6500,384.6500,384.6500,10000,1398000,
BSOFT_F2,07/24/2023,12:03:00,384.6500,384.6500,384.6500,384.6500,2000,1404000,
BSOFT_F2,07/24/2023,12:08:00,385.6000,385.6000,385.6000,385.6000,8000,1406000,
BSOFT_F2,07/24/2023,12:09:00,385.6000,385.6000,385.6000,385.6000,2000,1414000,
BSOFT_F2,07/24/2023,12:10:00,385.6000,385.6000,385.6000,385.6000,2000,1414000,
BSOFT_F2,07/24/2023,12:11:00,385.8000,385.8000,385.8000,385.8000,4000,1414000,
BSOFT_F2,07/24/2023,12:13:00,386.0000,386.1000,386.0000,386.1000,4000,1420000,
BSOFT_F2,07/24/2023,12:14:00,386.0000,386.0000,386.0000,386.0000,4000,1420000,
BSOFT_F2,07/24/2023,12:15:00,386.0000,386.0000,386.0000,386.0000,2000,1428000,
BSOFT_F2,07/24/2023,12:16:00,386.0000,386.4000,386.0000,386.4000,4000,1428000,
BSOFT_F2,07/24/2023,12:17:00,386.6000,386.6000,386.6000,386.6000,6000,1428000,
BSOFT_F2,07/24/2023,12:18:00,386.6000,386.6000,386.6000,386.6000,4000,1436000,
BSOFT_F2,07/24/2023,12:20:00,386.6500,386.6500,386.6500,386.6500,2000,1436000,
BSOFT_F2,07/24/2023,12:21:00,386.6500,386.6500,386.6500,386.6500,8000,1438000,
BSOFT_F2,07/24/2023,12:22:00,387.0000,387.0000,387.0000,387.0000,4000,1438000,
BSOFT_F2,07/24/2023,12:23:00,387.2500,387.2500,387.2500,387.2500,12000,1438000,
BSOFT_F2,07/24/2023,12:24:00,386.9000,387.0500,386.7500,386.7500,74000,1464000,
BSOFT_F2,07/24/2023,12:25:00,387.1000,387.1000,386.9500,386.9500,10000,1464000,
BSOFT_F2,07/24/2023,12:27:00,386.9500,386.9500,386.8000,386.8000,6000,1520000,
BSOFT_F2,07/24/2023,12:30:00,387.0000,387.0000,387.0000,387.0000,4000,1526000,
BSOFT_F2,07/24/2023,12:31:00,387.3000,387.3000,387.3000,387.3000,4000,1526000,
BSOFT_F2,07/24/2023,12:32:00,387.3000,387.3000,387.3000,387.3000,2000,1526000,
BSOFT_F2,07/24/2023,12:34:00,387.4500,387.4500,387.4500,387.4500,2000,1532000,
BSOFT_F2,07/24/2023,12:36:00,387.4500,387.4500,387.4500,387.4500,6000,1534000,
BSOFT_F2,07/24/2023,12:37:00,387.4500,387.4500,387.4500,387.4500,2000,1534000,
BSOFT_F2,07/24/2023,12:38:00,387.6500,387.6500,387.6500,387.6500,4000,1534000,
BSOFT_F2,07/24/2023,12:40:00,387.5500,387.5500,387.5500,387.5500,4000,1542000,
BSOFT_F2,07/24/2023,12:41:00,387.6000,387.9000,387.6000,387.9000,8000,1542000,
BSOFT_F2,07/24/2023,12:42:00,388.0000,388.0000,388.0000,388.0000,6000,1546000,
BSOFT_F2,07/24/2023,12:43:00,388.0000,388.0000,388.0000,388.0000,8000,1546000,
BSOFT_F2,07/24/2023,12:44:00,388.0000,388.1000,388.0000,388.1000,4000,1546000,
BSOFT_F2,07/24/2023,12:45:00,388.1000,388.1000,388.1000,388.1000,2000,1558000,
BSOFT_F2,07/24/2023,12:48:00,388.1000,388.1000,388.1000,388.1000,2000,1560000,
BSOFT_F2,07/24/2023,12:49:00,387.8500,388.2000,387.8500,388.2000,10000,1560000,
BSOFT_F2,07/24/2023,12:50:00,387.8500,388.0000,387.8500,388.0000,4000,1560000,
BSOFT_F2,07/24/2023,12:51:00,388.0000,388.0000,388.0000,388.0000,4000,1568000,
BSOFT_F2,07/24/2023,12:52:00,387.8000,387.8000,387.8000,387.8000,2000,1568000,
BSOFT_F2,07/24/2023,12:53:00,387.8000,387.8000,387.8000,387.8000,2000,1568000,
BSOFT_F2,07/24/2023,12:54:00,387.4000,387.4000,387.4000,387.4000,2000,1568000,
BSOFT_F2,07/24/2023,12:55:00,387.4000,387.4000,387.3000,387.3000,4000,1576000,
BSOFT_F2,07/24/2023,12:56:00,387.3000,387.3000,387.3000,387.3000,4000,1576000,
BSOFT_F2,07/24/2023,12:57:00,387.3000,387.3000,387.3000,387.3000,6000,1584000,
BSOFT_F2,07/24/2023,12:58:00,387.3000,387.3000,387.3000,387.3000,6000,1584000,
BSOFT_F2,07/24/2023,13:00:00,387.7500,387.7500,387.5000,387.5000,12000,1594000,
BSOFT_F2,07/24/2023,13:01:00,387.5000,388.1500,387.5000,388.1500,8000,1594000,
BSOFT_F2,07/24/2023,13:03:00,388.3000,388.3000,388.0000,388.0000,16000,1610000,
BSOFT_F2,07/24/2023,13:04:00,388.0000,388.0000,388.0000,388.0000,4000,1610000,
BSOFT_F2,07/24/2023,13:05:00,388.0000,388.0000,388.0000,388.0000,6000,1610000,
BSOFT_F2,07/24/2023,13:06:00,388.0000,388.0000,388.0000,388.0000,2000,1610000,
BSOFT_F2,07/24/2023,13:07:00,388.2000,388.2000,387.9500,387.9500,6000,1626000,
BSOFT_F2,07/24/2023,13:08:00,387.9500,387.9500,387.9500,387.9500,4000,1626000,
BSOFT_F2,07/24/2023,13:09:00,387.9500,387.9500,387.9500,387.9500,22000,1636000,
BSOFT_F2,07/24/2023,13:10:00,387.9500,388.1500,387.9500,388.1500,30000,1636000,
BSOFT_F2,07/24/2023,13:11:00,388.1500,388.1500,388.1500,388.1500,4000,1636000,
BSOFT_F2,07/24/2023,13:12:00,388.1500,388.2000,388.1500,388.2000,6000,1668000,
BSOFT_F2,07/24/2023,13:13:00,388.5500,388.5500,388.5500,388.5500,8000,1668000,
BSOFT_F2,07/24/2023,13:14:00,388.8000,388.8000,388.8000,388.8000,34000,1668000,
BSOFT_F2,07/24/2023,13:15:00,388.8000,388.8000,388.8000,388.8000,2000,1668000,
BSOFT_F2,07/24/2023,13:16:00,388.8000,388.8000,388.8000,388.8000,10000,1702000,
BSOFT_F2,07/24/2023,13:18:00,388.0500,388.0500,388.0000,388.0000,12000,1720000,
BSOFT_F2,07/24/2023,13:19:00,388.8000,388.8000,388.8000,388.8000,6000,1720000,
BSOFT_F2,07/24/2023,13:20:00,388.8000,388.8000,388.8000,388.8000,2000,1720000,
BSOFT_F2,07/24/2023,13:21:00,388.2000,388.8000,388.2000,388.8000,8000,1724000,
BSOFT_F2,07/24/2023,13:22:00,388.8000,388.8000,388.8000,388.8000,2000,1724000,
BSOFT_F2,07/24/2023,13:23:00,388.8000,388.8000,388.8000,388.8000,6000,1724000,
BSOFT_F2,07/24/2023,13:24:00,388.8000,388.8000,388.8000,388.8000,6000,1740000,
BSOFT_F2,07/24/2023,13:25:00,389.0000,389.0000,389.0000,389.0000,2000,1740000,
BSOFT_F2,07/24/2023,13:26:00,389.0000,389.0000,389.0000,389.0000,8000,1740000,
BSOFT_F2,07/24/2023,13:27:00,389.0000,389.0000,389.0000,389.0000,4000,1752000,
BSOFT_F2,07/24/2023,13:28:00,388.9500,389.1000,388.9500,389.1000,8000,1752000,
BSOFT_F2,07/24/2023,13:29:00,389.1000,389.1000,389.1000,389.1000,8000,1752000,
BSOFT_F2,07/24/2023,13:30:00,389.1000,389.1000,388.4000,388.4000,8000,1772000,
BSOFT_F2,07/24/2023,13:31:00,388.4000,388.4000,388.4000,388.4000,6000,1772000,
BSOFT_F2,07/24/2023,13:33:00,388.4000,388.4000,388.0500,388.0500,8000,1784000,
BSOFT_F2,07/24/2023,13:34:00,388.0500,388.0500,388.0500,388.0500,8000,1784000,
BSOFT_F2,07/24/2023,13:35:00,388.0500,388.0500,388.0500,388.0500,2000,1784000,
BSOFT_F2,07/24/2023,13:36:00,388.0500,388.0500,388.0500,388.0500,4000,1798000,
BSOFT_F2,07/24/2023,13:37:00,389.0000,389.3000,389.0000,389.3000,16000,1798000,
BSOFT_F2,07/24/2023,13:38:00,388.7000,388.7000,388.7000,388.7000,6000,1798000,
BSOFT_F2,07/24/2023,13:39:00,388.7000,388.7000,388.7000,388.7000,2000,1798000,
BSOFT_F2,07/24/2023,13:40:00,388.7000,388.7000,388.7000,388.7000,10000,1816000,
BSOFT_F2,07/24/2023,13:41:00,388.7000,390.0000,388.7000,390.0000,8000,1816000,
BSOFT_F2,07/24/2023,13:42:00,390.0000,390.0000,389.6000,389.6000,6000,1828000,
BSOFT_F2,07/24/2023,13:43:00,389.6000,389.6000,389.4500,389.4500,4000,1828000,
BSOFT_F2,07/24/2023,13:44:00,389.4500,389.4500,389.4500,389.4500,6000,1828000,
BSOFT_F2,07/24/2023,13:45:00,389.4500,389.4500,389.4500,389.4500,10000,1816000,
BSOFT_F2,07/24/2023,13:46:00,389.4500,389.4500,389.4500,389.4500,8000,1816000,
BSOFT_F2,07/24/2023,13:47:00,389.4500,389.4500,389.4500,389.4500,2000,1816000,
BSOFT_F2,07/24/2023,13:48:00,389.4500,389.4500,389.4500,389.4500,6000,1830000,
BSOFT_F2,07/24/2023,13:49:00,389.4500,389.4500,389.4500,389.4500,4000,1830000,
BSOFT_F2,07/24/2023,13:50:00,389.0000,389.0000,389.0000,389.0000,2000,1830000,
BSOFT_F2,07/24/2023,13:51:00,389.0000,389.0000,389.0000,389.0000,4000,1830000,
BSOFT_F2,07/24/2023,13:52:00,389.4000,389.4000,389.4000,389.4000,8000,1842000,
BSOFT_F2,07/24/2023,13:53:00,389.0000,389.0000,389.0000,389.0000,8000,1842000,
BSOFT_F2,07/24/2023,13:55:00,389.0000,389.0000,389.0000,389.0000,4000,1858000,
BSOFT_F2,07/24/2023,13:56:00,389.0000,389.0000,389.0000,389.0000,6000,1858000,
BSOFT_F2,07/24/2023,13:57:00,389.3500,389.3500,389.3500,389.3500,6000,1870000,
BSOFT_F2,07/24/2023,13:59:00,389.3500,389.3500,389.3500,389.3500,6000,1870000,
BSOFT_F2,07/24/2023,14:00:00,389.8000,389.8000,389.8000,389.8000,12000,1878000,
BSOFT_F2,07/24/2023,14:01:00,389.7000,389.9500,389.7000,389.9500,6000,1878000,
BSOFT_F2,07/24/2023,14:02:00,389.9500,389.9500,389.6000,389.6000,20000,1878000,
BSOFT_F2,07/24/2023,14:03:00,389.6000,389.6000,389.6000,389.6000,2000,1906000,
BSOFT_F2,07/24/2023,14:04:00,389.6000,389.6000,389.6000,389.6000,4000,1906000,
BSOFT_F2,07/24/2023,14:06:00,389.3500,389.3500,389.3500,389.3500,6000,1906000,
BSOFT_F2,07/24/2023,14:07:00,389.3500,389.3500,388.9000,388.9000,8000,1920000,
BSOFT_F2,07/24/2023,14:08:00,388.9000,388.9000,388.9000,388.9000,2000,1920000,
BSOFT_F2,07/24/2023,14:09:00,388.9000,388.9000,388.9000,388.9000,8000,1926000,
BSOFT_F2,07/24/2023,14:10:00,388.9000,388.9000,388.9000,388.9000,2000,1926000,
BSOFT_F2,07/24/2023,14:11:00,388.9000,388.9000,388.9000,388.9000,2000,1926000,
BSOFT_F2,07/24/2023,14:12:00,388.9500,388.9500,388.9500,388.9500,2000,1904000,
BSOFT_F2,07/24/2023,14:13:00,388.9500,388.9500,388.9500,388.9500,2000,1904000,
BSOFT_F2,07/24/2023,14:14:00,388.9500,388.9500,388.9500,388.9500,8000,1904000,
BSOFT_F2,07/24/2023,14:15:00,389.2500,389.2500,389.2500,389.2500,4000,1904000,
BSOFT_F2,07/24/2023,14:16:00,389.2500,389.2500,389.0500,389.0500,8000,1912000,
BSOFT_F2,07/24/2023,14:17:00,389.0500,389.0500,389.0500,389.0500,2000,1912000,
BSOFT_F2,07/24/2023,14:18:00,389.0500,389.0500,389.0500,389.0500,8000,1924000,
BSOFT_F2,07/24/2023,14:20:00,389.0500,389.0500,389.0500,389.0500,4000,1924000,
BSOFT_F2,07/24/2023,14:21:00,389.0500,389.0500,389.0500,389.0500,8000,1936000,
BSOFT_F2,07/24/2023,14:22:00,389.0500,389.0500,389.0500,389.0500,6000,1936000,
BSOFT_F2,07/24/2023,14:23:00,389.0500,389.0500,389.0500,389.0500,2000,1936000,
BSOFT_F2,07/24/2023,14:24:00,389.0500,389.0500,389.0500,389.0500,2000,1936000,
BSOFT_F2,07/24/2023,14:25:00,389.0500,389.0500,389.0500,389.0500,4000,1952000,
BSOFT_F2,07/24/2023,14:26:00,389.1500,389.1500,388.7500,388.7500,14000,1952000,
BSOFT_F2,07/24/2023,14:27:00,388.7500,388.7500,388.7500,388.7500,2000,1952000,
BSOFT_F2,07/24/2023,14:28:00,388.7500,389.2000,388.7500,389.2000,10000,1966000,
BSOFT_F2,07/24/2023,14:29:00,388.9000,388.9000,388.9000,388.9000,8000,1966000,
BSOFT_F2,07/24/2023,14:31:00,389.0500,389.5000,389.0500,389.5000,10000,1982000,
BSOFT_F2,07/24/2023,14:32:00,389.6000,389.6000,389.6000,389.6000,6000,1982000,
BSOFT_F2,07/24/2023,14:33:00,389.6000,389.6000,389.1500,389.1500,6000,1982000,
BSOFT_F2,07/24/2023,14:34:00,389.1500,389.1500,389.1500,389.1500,6000,1986000,
BSOFT_F2,07/24/2023,14:35:00,389.1500,389.1500,389.1500,389.1500,8000,1986000,
BSOFT_F2,07/24/2023,14:36:00,389.0000,389.0000,389.0000,389.0000,8000,1996000,
BSOFT_F2,07/24/2023,14:38:00,389.2000,389.2000,389.0500,389.0500,12000,1996000,
BSOFT_F2,07/24/2023,14:39:00,389.0500,389.0500,389.0500,389.0500,4000,1996000,
BSOFT_F2,07/24/2023,14:40:00,389.0500,389.0500,389.0500,389.0500,4000,2012000,
BSOFT_F2,07/24/2023,14:42:00,389.0500,389.0500,389.0500,389.0500,36000,2012000,
BSOFT_F2,07/24/2023,14:43:00,389.0500,389.0500,389.0500,389.0500,2000,2052000,
BSOFT_F2,07/24/2023,14:44:00,389.0500,389.0500,389.0500,389.0500,4000,2052000,
BSOFT_F2,07/24/2023,14:45:00,389.0500,389.0500,389.0500,389.0500,24000,2046000,
BSOFT_F2,07/24/2023,14:46:00,389.0500,389.0500,389.0500,389.0500,4000,2046000,
BSOFT_F2,07/24/2023,14:47:00,389.0500,389.0500,389.0500,389.0500,4000,2046000,
BSOFT_F2,07/24/2023,14:48:00,388.9000,388.9000,388.9000,388.9000,6000,2074000,
BSOFT_F2,07/24/2023,14:49:00,388.4500,388.4500,388.4500,388.4500,2000,2074000,
BSOFT_F2,07/24/2023,14:50:00,388.4500,388.4500,388.4500,388.4500,4000,2074000,
BSOFT_F2,07/24/2023,14:51:00,388.6000,388.6000,388.6000,388.6000,4000,2082000,
BSOFT_F2,07/24/2023,14:53:00,388.6000,388.6000,388.6000,388.6000,6000,2082000,
BSOFT_F2,07/24/2023,14:54:00,388.6000,388.6000,388.6000,388.6000,4000,2092000,
BSOFT_F2,07/24/2023,14:55:00,388.6000,388.6000,388.6000,388.6000,2000,2092000,
BSOFT_F2,07/24/2023,14:56:00,388.6000,388.6000,388.6000,388.6000,2000,2092000,
BSOFT_F2,07/24/2023,14:57:00,388.7500,388.7500,388.7500,388.7500,2000,2092000,
BSOFT_F2,07/24/2023,14:58:00,388.7500,388.7500,388.7500,388.7500,8000,2098000,
BSOFT_F2,07/24/2023,14:59:00,388.9500,388.9500,388.9500,388.9500,2000,2098000,
BSOFT_F2,07/24/2023,15:00:00,388.9500,388.9500,388.9500,388.9500,4000,2098000,
BSOFT_F2,07/24/2023,15:03:00,389.0000,389.0000,389.0000,389.0000,10000,2108000,
BSOFT_F2,07/24/2023,15:04:00,388.1000,388.1000,388.1000,388.1000,2000,2118000,
BSOFT_F2,07/24/2023,15:05:00,388.1000,388.1000,388.1000,388.1000,2000,2118000,
BSOFT_F2,07/24/2023,15:06:00,388.4000,388.4000,388.4000,388.4000,4000,2118000,
BSOFT_F2,07/24/2023,15:07:00,388.2500,388.2500,388.2500,388.2500,4000,2118000,
BSOFT_F2,07/24/2023,15:08:00,388.7500,388.7500,388.7500,388.7500,2000,2118000,
BSOFT_F2,07/24/2023,15:09:00,388.5500,388.5500,388.5500,388.5500,2000,2118000,
BSOFT_F2,07/24/2023,15:10:00,388.7500,388.7500,387.8500,387.8500,8000,2120000,
BSOFT_F2,07/24/2023,15:11:00,387.3500,387.3500,387.3000,387.3000,18000,2120000,
BSOFT_F2,07/24/2023,15:12:00,386.8000,386.8000,385.6500,385.6500,38000,2102000,
BSOFT_F2,07/24/2023,15:13:00,385.5000,386.0000,385.5000,386.0000,20000,2102000,
BSOFT_F2,07/24/2023,15:14:00,385.8500,385.8500,385.8500,385.8500,4000,2102000,
BSOFT_F2,07/24/2023,15:15:00,385.8500,385.8500,385.8500,385.8500,2000,2102000,
BSOFT_F2,07/24/2023,15:16:00,385.5000,385.7000,385.5000,385.7000,12000,2108000,
BSOFT_F2,07/24/2023,15:18:00,385.7000,385.7000,385.7000,385.7000,20000,2108000,
BSOFT_F2,07/24/2023,15:19:00,385.7500,385.9500,385.3500,385.3500,8000,2118000,
BSOFT_F2,07/24/2023,15:20:00,385.3500,385.3500,385.3000,385.3000,12000,2118000,
BSOFT_F2,07/24/2023,15:21:00,385.5500,385.5500,385.5500,385.5500,8000,2128000,
BSOFT_F2,07/24/2023,15:23:00,385.6000,385.6000,385.6000,385.6000,4000,2128000,
BSOFT_F2,07/24/2023,15:24:00,385.5500,385.5500,385.5500,385.5500,8000,2128000,
BSOFT_F2,07/24/2023,15:25:00,385.4000,385.5000,385.4000,385.5000,10000,2128000,
BSOFT_F2,07/24/2023,15:26:00,385.7500,385.7500,385.7500,385.7500,2000,2128000,
BSOFT_F2,07/24/2023,15:27:00,385.3000,385.3000,385.3000,385.3000,2000,2128000,
BSOFT_F2,07/24/2023,15:28:00,385.5000,385.5000,385.2500,385.2500,14000,2132000,
BSOFT_F2,07/24/2023,15:29:00,385.2000,385.2000,385.2000,385.2000,4000,2132000,
BSOFT_F2,07/24/2023,15:30:00,385.2500,385.2500,385.2500,385.2500,8000,2132000,
BSOFT_F2,07/25/2023,09:15:00,384.9000,386.0000,384.8000,385.6500,18002,2134000,
BSOFT_F2,07/25/2023,09:16:00,384.9000,384.9000,384.8000,384.8000,30000,2134000,
BSOFT_F2,07/25/2023,09:17:00,384.8000,385.2000,384.8000,385.2000,4000,2152000,
BSOFT_F2,07/25/2023,09:18:00,385.6000,386.9500,385.6000,386.9500,12000,2152000,
BSOFT_F2,07/25/2023,09:19:00,387.5000,387.5000,385.5000,385.5000,38000,2152000,
BSOFT_F2,07/25/2023,09:20:00,386.2000,386.2000,386.2000,386.2000,2000,2152000,
BSOFT_F2,07/25/2023,09:21:00,386.5000,386.5000,386.5000,386.5000,4000,2180000,
BSOFT_F2,07/25/2023,09:23:00,386.5000,386.5000,386.5000,386.5000,8000,2180000,
BSOFT_F2,07/25/2023,09:24:00,386.7000,386.7000,385.5500,385.5500,28000,2182000,
BSOFT_F2,07/25/2023,09:25:00,387.3000,387.7500,387.3000,387.5000,18000,2182000,
BSOFT_F2,07/25/2023,09:26:00,387.5000,387.5000,387.5000,387.5000,6000,2182000,
BSOFT_F2,07/25/2023,09:27:00,387.5000,387.8500,387.5000,387.8500,8000,2210000,
BSOFT_F2,07/25/2023,09:28:00,387.8500,387.8500,386.8000,387.1500,12000,2210000,
BSOFT_F2,07/25/2023,09:29:00,387.6500,387.6500,387.6500,387.6500,6000,2210000,
BSOFT_F2,07/25/2023,09:30:00,387.8500,387.8500,387.2000,387.8000,38000,2224000,
BSOFT_F2,07/25/2023,09:31:00,387.4000,387.4000,386.5000,386.5000,10000,2224000,
BSOFT_F2,07/25/2023,09:32:00,386.5000,386.5000,386.4000,386.4000,12000,2264000,
BSOFT_F2,07/25/2023,09:33:00,385.2000,385.2000,385.2000,385.2000,14000,2264000,
BSOFT_F2,07/25/2023,09:34:00,385.2000,385.5000,385.2000,385.5000,6000,2264000,
BSOFT_F2,07/25/2023,09:35:00,385.0000,385.0000,385.0000,385.0000,12000,2264000,
BSOFT_F2,07/25/2023,09:36:00,385.4000,385.4000,385.4000,385.4000,4000,2286000,
BSOFT_F2,07/25/2023,09:37:00,385.4000,385.4000,385.0500,385.0500,18000,2286000,
BSOFT_F2,07/25/2023,09:38:00,385.4000,385.4000,385.4000,385.4000,12000,2308000,
BSOFT_F2,07/25/2023,09:39:00,385.0000,385.4000,385.0000,385.4000,14000,2308000,
BSOFT_F2,07/25/2023,09:40:00,385.4000,385.4000,385.4000,385.4000,6000,2308000,
BSOFT_F2,07/25/2023,09:42:00,385.4000,385.4000,385.4000,385.4000,6000,2308000,
BSOFT_F2,07/25/2023,09:43:00,386.4500,386.4500,386.4500,386.4500,2000,2308000,
BSOFT_F2,07/25/2023,09:45:00,385.4000,385.4000,385.4000,385.4000,2000,2312000,
BSOFT_F2,07/25/2023,09:46:00,385.4500,385.4500,385.0000,385.0000,20000,2312000,
BSOFT_F2,07/25/2023,09:47:00,385.2500,385.2500,385.2500,385.2500,14000,2330000,
BSOFT_F2,07/25/2023,09:48:00,385.5000,386.0000,385.5000,386.0000,16000,2330000,
BSOFT_F2,07/25/2023,09:49:00,386.0000,386.0000,386.0000,386.0000,6000,2330000,
BSOFT_F2,07/25/2023,09:50:00,386.0000,386.0000,386.0000,386.0000,2000,2330000,
BSOFT_F2,07/25/2023,09:51:00,386.0000,386.0000,386.0000,386.0000,6000,2360000,
BSOFT_F2,07/25/2023,09:52:00,385.0000,385.0000,385.0000,385.0000,8000,2360000,
BSOFT_F2,07/25/2023,09:53:00,385.0000,385.0000,385.0000,385.0000,4000,2374000,
BSOFT_F2,07/25/2023,09:54:00,385.2000,385.2000,385.2000,385.2000,2000,2374000,
BSOFT_F2,07/25/2023,09:55:00,385.1500,385.1500,385.1500,385.1500,8000,2374000,
BSOFT_F2,07/25/2023,09:56:00,385.6500,385.6500,385.5500,385.5500,18000,2374000,
BSOFT_F2,07/25/2023,09:57:00,385.8500,385.8500,385.6500,385.6500,14000,2398000,
BSOFT_F2,07/25/2023,09:58:00,385.6500,385.6500,385.6500,385.6500,6000,2398000,
BSOFT_F2,07/25/2023,09:59:00,385.6500,385.6500,385.3500,385.3500,16000,2428000,
BSOFT_F2,07/25/2023,10:00:00,385.3500,385.7000,385.3500,385.7000,8000,2428000,
BSOFT_F2,07/25/2023,10:01:00,385.7000,385.7500,385.7000,385.7500,8000,2428000,
BSOFT_F2,07/25/2023,10:02:00,385.5000,385.5000,385.5000,385.5000,6000,2448000,
BSOFT_F2,07/25/2023,10:03:00,385.5500,385.5500,385.2000,385.2000,16000,2448000,
BSOFT_F2,07/25/2023,10:04:00,385.0000,385.0000,385.0000,385.0000,10000,2448000,
BSOFT_F2,07/25/2023,10:05:00,384.7500,385.0000,384.7500,385.0000,16000,2448000,
BSOFT_F2,07/25/2023,10:06:00,385.0000,385.6000,385.0000,385.6000,10000,2474000,
BSOFT_F2,07/25/2023,10:09:00,385.6000,385.6000,385.6000,385.6000,8000,2480000,
BSOFT_F2,07/25/2023,10:10:00,385.2000,385.2000,385.2000,385.2000,18000,2480000,
BSOFT_F2,07/25/2023,10:11:00,385.2000,385.2000,385.2000,385.2000,6000,2480000,
BSOFT_F2,07/25/2023,10:12:00,385.2000,385.2000,385.2000,385.2000,6000,2496000,
BSOFT_F2,07/25/2023,10:13:00,385.2000,385.2000,385.1000,385.1000,12000,2496000,
BSOFT_F2,07/25/2023,10:14:00,385.1000,385.1000,384.5500,384.5500,8000,2510000,
BSOFT_F2,07/25/2023,10:15:00,384.5500,384.5500,384.5500,384.5500,4000,2510000,
BSOFT_F2,07/25/2023,10:17:00,384.5500,384.5500,384.5500,384.5500,6000,2510000,
BSOFT_F2,07/25/2023,10:18:00,384.5500,384.9500,384.5500,384.9500,20000,2520000,
BSOFT_F2,07/25/2023,10:19:00,384.9500,384.9500,384.3500,384.3500,8000,2520000,
BSOFT_F2,07/25/2023,10:20:00,384.3500,384.3500,384.0000,384.0000,16000,2520000,
BSOFT_F2,07/25/2023,10:21:00,384.0000,384.0000,383.6500,383.6500,14000,2538000,
BSOFT_F2,07/25/2023,10:22:00,383.6500,383.7500,383.6500,383.7500,4000,2538000,
BSOFT_F2,07/25/2023,10:23:00,383.7500,383.7500,383.6000,383.6000,12000,2538000,
BSOFT_F2,07/25/2023,10:26:00,383.6000,383.6000,383.6000,383.6000,8000,2550000,
BSOFT_F2,07/25/2023,10:27:00,384.0000,384.1000,383.8000,383.8000,10000,2558000,
BSOFT_F2,07/25/2023,10:28:00,383.5500,383.5500,383.5500,383.5500,4000,2558000,
BSOFT_F2,07/25/2023,10:29:00,383.5500,383.5500,383.3500,383.4000,12000,2558000,
BSOFT_F2,07/25/2023,10:31:00,383.4000,383.4000,383.4000,383.4000,6000,2566000,
BSOFT_F2,07/25/2023,10:32:00,383.7000,383.7000,383.7000,383.7000,10000,2566000,
BSOFT_F2,07/25/2023,10:33:00,383.7000,383.7000,383.7000,383.7000,2000,2582000,
BSOFT_F2,07/25/2023,10:34:00,383.7000,383.7000,383.7000,383.7000,8000,2582000,
BSOFT_F2,07/25/2023,10:35:00,383.5000,383.5500,383.5000,383.5500,10000,2582000,
BSOFT_F2,07/25/2023,10:36:00,383.5500,383.5500,383.3000,383.3000,8000,2596000,
BSOFT_F2,07/25/2023,10:37:00,383.3000,383.3000,383.3000,383.3000,2000,2596000,
BSOFT_F2,07/25/2023,10:38:00,383.5000,383.5000,383.5000,383.5000,4000,2596000,
BSOFT_F2,07/25/2023,10:39:00,383.2500,383.2500,383.2500,383.2500,12000,2602000,
BSOFT_F2,07/25/2023,10:40:00,383.2500,383.7000,383.2500,383.7000,4000,2602000,
BSOFT_F2,07/25/2023,10:41:00,383.7000,383.7000,383.7000,383.7000,6000,2602000,
BSOFT_F2,07/25/2023,10:42:00,383.3000,383.3000,383.3000,383.3000,8000,2622000,
BSOFT_F2,07/25/2023,10:44:00,383.0000,383.0000,383.0000,383.0000,6000,2622000,
BSOFT_F2,07/25/2023,10:45:00,383.0000,383.0000,382.5000,383.0000,42000,2626000,
BSOFT_F2,07/25/2023,10:46:00,383.0000,383.2000,383.0000,383.2000,10000,2626000,
BSOFT_F2,07/25/2023,10:47:00,383.2000,383.7500,383.2000,383.5000,8000,2626000,
BSOFT_F2,07/25/2023,10:48:00,383.5000,383.5000,383.5000,383.5000,2000,2668000,
BSOFT_F2,07/25/2023,10:49:00,383.5000,383.5000,383.5000,383.5000,6000,2668000,
BSOFT_F2,07/25/2023,10:50:00,383.6000,383.6000,383.6000,383.6000,10000,2668000,
BSOFT_F2,07/25/2023,10:51:00,383.6000,383.6000,383.6000,383.6000,12000,2684000,
BSOFT_F2,07/25/2023,10:52:00,383.6000,383.6000,383.6000,383.6000,2000,2684000,
BSOFT_F2,07/25/2023,10:53:00,383.6000,383.6000,383.6000,383.6000,6000,2684000,
BSOFT_F2,07/25/2023,10:54:00,383.5000,383.5000,383.5000,383.5000,2000,2694000,
BSOFT_F2,07/25/2023,10:55:00,383.5000,383.5000,383.5000,383.5000,4000,2694000,
BSOFT_F2,07/25/2023,10:56:00,384.0000,384.0000,384.0000,384.0000,8000,2702000,
BSOFT_F2,07/25/2023,10:57:00,384.0000,384.0000,384.0000,384.0000,4000,2702000,
BSOFT_F2,07/25/2023,10:58:00,383.8500,383.8500,383.8500,383.8500,4000,2702000,
BSOFT_F2,07/25/2023,10:59:00,383.8500,383.8500,383.8500,383.8500,6000,2702000,
BSOFT_F2,07/25/2023,11:00:00,384.5000,384.5000,384.5000,384.5000,2000,2714000,
BSOFT_F2,07/25/2023,11:01:00,384.2500,384.2500,384.2500,384.2500,10000,2714000,
BSOFT_F2,07/25/2023,11:02:00,384.2500,384.2500,384.2500,384.2500,6000,2714000,
BSOFT_F2,07/25/2023,11:03:00,384.2500,384.2500,384.2500,384.2500,4000,2720000,
BSOFT_F2,07/25/2023,11:04:00,384.2500,384.2500,384.2500,384.2500,4000,2720000,
BSOFT_F2,07/25/2023,11:05:00,383.8500,383.8500,383.8500,383.8500,48000,2720000,
BSOFT_F2,07/25/2023,11:06:00,383.6500,383.6500,383.6500,383.6500,4000,2774000,
BSOFT_F2,07/25/2023,11:07:00,383.6500,383.6500,383.6500,383.6500,10000,2774000,
BSOFT_F2,07/25/2023,11:08:00,383.6500,383.6500,383.6500,383.6500,6000,2774000,
BSOFT_F2,07/25/2023,11:09:00,383.6500,383.8500,383.5000,383.5000,136000,2788000,
BSOFT_F2,07/25/2023,11:10:00,383.5000,383.5000,383.5000,383.5000,96000,2788000,
BSOFT_F2,07/25/2023,11:11:00,383.5000,383.5000,383.5000,383.5000,4000,2788000,
BSOFT_F2,07/25/2023,11:12:00,383.9000,384.0500,383.9000,384.0000,18000,3020000,
BSOFT_F2,07/25/2023,11:14:00,384.0000,384.0000,384.0000,384.0000,6000,3020000,
BSOFT_F2,07/25/2023,11:16:00,384.0000,384.0000,383.3500,383.3500,8000,3038000,
BSOFT_F2,07/25/2023,11:17:00,383.3500,383.3500,383.3500,383.3500,8000,3038000,
BSOFT_F2,07/25/2023,11:18:00,383.0000,383.0000,383.0000,383.0000,8000,3050000,
BSOFT_F2,07/25/2023,11:20:00,382.8000,382.8000,382.7500,382.7500,10000,3050000,
BSOFT_F2,07/25/2023,11:21:00,382.5000,382.5000,382.5000,382.5000,6000,3056000,
BSOFT_F2,07/25/2023,11:22:00,382.5000,382.5000,382.4000,382.4000,12000,3056000,
BSOFT_F2,07/25/2023,11:23:00,382.4000,382.4000,382.4000,382.4000,4000,3056000,
BSOFT_F2,07/25/2023,11:24:00,382.4000,382.4000,382.4000,382.4000,8000,3062000,
BSOFT_F2,07/25/2023,11:25:00,382.5000,382.5000,382.5000,382.5000,4000,3062000,
BSOFT_F2,07/25/2023,11:26:00,382.5000,383.2000,382.5000,383.2000,24000,3062000,
BSOFT_F2,07/25/2023,11:27:00,383.0000,383.0000,381.0000,381.0000,46000,3092000,
BSOFT_F2,07/25/2023,11:28:00,381.0000,381.6500,381.0000,381.6500,28000,3092000,
BSOFT_F2,07/25/2023,11:29:00,381.6500,381.6500,381.0500,381.0500,16000,3092000,
BSOFT_F2,07/25/2023,11:30:00,380.9000,380.9000,380.7000,380.7000,10000,3134000,
BSOFT_F2,07/25/2023,11:31:00,380.7000,381.2000,380.7000,381.2000,24000,3134000,
BSOFT_F2,07/25/2023,11:32:00,381.4500,381.4500,381.4500,381.4500,4000,3134000,
BSOFT_F2,07/25/2023,11:33:00,381.5000,381.5000,381.5000,381.5000,6000,3146000,
BSOFT_F2,07/25/2023,11:34:00,381.5000,381.5000,381.3000,381.3000,6000,3146000,
BSOFT_F2,07/25/2023,11:35:00,381.6000,381.6000,381.6000,381.6000,26000,3146000,
BSOFT_F2,07/25/2023,11:36:00,381.7500,382.0000,381.7500,382.0000,16000,3166000,
BSOFT_F2,07/25/2023,11:37:00,382.0000,382.2500,382.0000,382.2500,12000,3166000,
BSOFT_F2,07/25/2023,11:38:00,382.4000,382.4000,382.4000,382.4000,14000,3166000,
BSOFT_F2,07/25/2023,11:39:00,382.4000,382.4000,382.4000,382.4000,4000,3202000,
BSOFT_F2,07/25/2023,11:40:00,382.4000,382.6500,382.4000,382.6500,6000,3202000,
BSOFT_F2,07/25/2023,11:41:00,382.6500,382.6500,382.6500,382.6500,4000,3202000,
BSOFT_F2,07/25/2023,11:42:00,382.5000,382.5000,382.5000,382.5000,8000,3214000,
BSOFT_F2,07/25/2023,11:43:00,382.5000,382.5000,382.5000,382.5000,2000,3214000,
BSOFT_F2,07/25/2023,11:45:00,382.5000,382.5000,382.5000,382.5000,4000,3216000,
BSOFT_F2,07/25/2023,11:46:00,382.5000,382.5000,382.5000,382.5000,14000,3216000,
BSOFT_F2,07/25/2023,11:47:00,382.5000,382.5000,382.5000,382.5000,2000,3216000,
BSOFT_F2,07/25/2023,11:48:00,382.5000,382.5000,382.5000,382.5000,6000,3234000,
BSOFT_F2,07/25/2023,11:49:00,381.8000,381.8000,381.8000,381.8000,4000,3234000,
BSOFT_F2,07/25/2023,11:50:00,381.8000,381.8000,381.8000,381.8000,8000,3234000,
BSOFT_F2,07/25/2023,11:51:00,381.8000,381.8000,381.8000,381.8000,6000,3246000,
BSOFT_F2,07/25/2023,11:52:00,381.8000,381.8000,381.8000,381.8000,8000,3246000,
BSOFT_F2,07/25/2023,11:53:00,381.8000,381.8000,381.8000,381.8000,2000,3246000,
BSOFT_F2,07/25/2023,11:54:00,381.3000,381.3000,381.3000,381.3000,4000,3254000,
BSOFT_F2,07/25/2023,11:55:00,381.2500,381.2500,381.2500,381.2500,12000,3254000,
BSOFT_F2,07/25/2023,11:56:00,381.2500,381.2500,381.2500,381.2500,2000,3254000,
BSOFT_F2,07/25/2023,11:57:00,381.2500,381.3500,381.2500,381.3500,8000,3268000,
BSOFT_F2,07/25/2023,11:58:00,381.3500,381.3500,381.3500,381.3500,8000,3268000,
BSOFT_F2,07/25/2023,11:59:00,381.3500,381.3500,381.3500,381.3500,2000,3268000,
BSOFT_F2,07/25/2023,12:01:00,381.3500,381.6500,381.3500,381.6500,12000,3282000,
BSOFT_F2,07/25/2023,12:02:00,381.6500,381.6500,381.6500,381.6500,8000,3282000,
BSOFT_F2,07/25/2023,12:03:00,381.5000,381.5000,381.5000,381.5000,4000,3300000,
BSOFT_F2,07/25/2023,12:04:00,381.1500,381.1500,381.1500,381.1500,16000,3300000,
BSOFT_F2,07/25/2023,12:05:00,381.1500,381.1500,381.1500,381.1500,6000,3300000,
BSOFT_F2,07/25/2023,12:06:00,381.1500,381.1500,381.0000,381.0000,10000,3320000,
BSOFT_F2,07/25/2023,12:07:00,381.0000,381.0000,381.0000,381.0000,4000,3320000,
BSOFT_F2,07/25/2023,12:08:00,381.1500,381.1500,381.1500,381.1500,2000,3320000,
BSOFT_F2,07/25/2023,12:09:00,381.1500,381.1500,381.1500,381.1500,8000,3334000,
BSOFT_F2,07/25/2023,12:10:00,381.1500,381.1500,381.1500,381.1500,6000,3334000,
BSOFT_F2,07/25/2023,12:11:00,381.2000,381.2000,381.2000,381.2000,4000,3334000,
BSOFT_F2,07/25/2023,12:12:00,381.2000,381.2000,381.2000,381.2000,8000,3344000,
BSOFT_F2,07/25/2023,12:14:00,381.2000,381.5500,381.2000,381.5500,8000,3344000,
BSOFT_F2,07/25/2023,12:15:00,381.5000,381.5000,381.5000,381.5000,8000,3360000,
BSOFT_F2,07/25/2023,12:16:00,381.5000,381.5000,381.5000,381.5000,4000,3360000,
BSOFT_F2,07/25/2023,12:17:00,381.4000,381.4500,381.4000,381.4500,6000,3360000,
BSOFT_F2,07/25/2023,12:18:00,381.5500,381.5500,381.5000,381.5000,18000,3374000,
BSOFT_F2,07/25/2023,12:19:00,381.6500,381.7500,381.6500,381.7500,32000,3374000,
BSOFT_F2,07/25/2023,12:20:00,381.9500,381.9500,381.4500,381.4500,16000,3374000,
BSOFT_F2,07/25/2023,12:21:00,381.4500,381.4500,381.4500,381.4500,2000,3416000,
BSOFT_F2,07/25/2023,12:22:00,381.4500,381.4500,381.4500,381.4500,6000,3416000,
BSOFT_F2,07/25/2023,12:24:00,382.0000,382.0000,382.0000,382.0000,6000,3424000,
BSOFT_F2,07/25/2023,12:25:00,382.0000,382.0000,381.7000,381.7000,10000,3424000,
BSOFT_F2,07/25/2023,12:26:00,381.7000,381.7000,381.7000,381.7000,6000,3424000,
BSOFT_F2,07/25/2023,12:27:00,381.6500,381.6500,381.6500,381.6500,8000,3424000,
BSOFT_F2,07/25/2023,12:28:00,381.8500,381.8500,381.8500,381.8500,8000,3438000,
BSOFT_F2,07/25/2023,12:29:00,381.8500,381.8500,381.8500,381.8500,2000,3438000,
BSOFT_F2,07/25/2023,12:30:00,381.8500,381.8500,381.8500,381.8500,4000,3446000,
BSOFT_F2,07/25/2023,12:31:00,381.5000,381.5000,381.5000,381.5000,10000,3446000,
BSOFT_F2,07/25/2023,12:32:00,381.5000,381.5500,381.5000,381.5500,8000,3446000,
BSOFT_F2,07/25/2023,12:33:00,381.6000,381.6000,381.6000,381.6000,14000,3464000,
BSOFT_F2,07/25/2023,12:34:00,381.6000,381.6000,381.6000,381.6000,4000,3464000,
BSOFT_F2,07/25/2023,12:35:00,381.6500,381.6500,381.6500,381.6500,6000,3464000,
BSOFT_F2,07/25/2023,12:36:00,381.6500,381.6500,381.6500,381.6500,4000,3472000,
BSOFT_F2,07/25/2023,12:37:00,381.6500,381.6500,381.6500,381.6500,6000,3472000,
BSOFT_F2,07/25/2023,12:38:00,381.6500,381.6500,381.6500,381.6500,2000,3472000,
BSOFT_F2,07/25/2023,12:39:00,381.6500,381.6500,381.6500,381.6500,2000,3480000,
BSOFT_F2,07/25/2023,12:40:00,381.5500,381.5500,381.5500,381.5500,4000,3480000,
BSOFT_F2,07/25/2023,12:41:00,381.5000,381.5000,381.5000,381.5000,6000,3480000,
BSOFT_F2,07/25/2023,12:42:00,381.5000,381.5000,381.5000,381.5000,6000,3488000,
BSOFT_F2,07/25/2023,12:43:00,381.1500,381.1500,381.1500,381.1500,20000,3488000,
BSOFT_F2,07/25/2023,12:44:00,380.7500,380.7500,380.7500,380.7500,10000,3488000,
BSOFT_F2,07/25/2023,12:45:00,380.7500,380.7500,380.7500,380.7500,2000,3508000,
BSOFT_F2,07/25/2023,12:47:00,380.7500,380.7500,380.7500,380.7500,14000,3508000,
BSOFT_F2,07/25/2023,12:48:00,380.8000,380.8000,380.4000,380.4000,6000,3512000,
BSOFT_F2,07/25/2023,12:49:00,380.4000,380.4000,380.2500,380.2500,8000,3512000,
BSOFT_F2,07/25/2023,12:50:00,380.2500,380.2500,380.2500,380.2500,4000,3512000,
BSOFT_F2,07/25/2023,12:51:00,380.4000,380.4000,380.4000,380.4000,4000,3520000,
BSOFT_F2,07/25/2023,12:53:00,380.4000,380.8000,380.4000,380.8000,10000,3520000,
BSOFT_F2,07/25/2023,12:54:00,380.8000,381.0000,380.8000,381.0000,8000,3522000,
BSOFT_F2,07/25/2023,12:55:00,381.0000,381.0000,381.0000,381.0000,2000,3522000,
BSOFT_F2,07/25/2023,12:56:00,381.0000,381.0000,381.0000,381.0000,2000,3522000,
BSOFT_F2,07/25/2023,12:57:00,381.0000,381.2000,381.0000,381.2000,8000,3530000,
BSOFT_F2,07/25/2023,12:58:00,381.2000,381.2000,381.2000,381.2000,2000,3530000,
BSOFT_F2,07/25/2023,12:59:00,381.2000,381.2000,381.2000,381.2000,6000,3530000,
BSOFT_F2,07/25/2023,13:00:00,381.3500,381.3500,381.3500,381.3500,4000,3530000,
BSOFT_F2,07/25/2023,13:01:00,381.3500,381.5500,381.3500,381.5500,10000,3534000,
BSOFT_F2,07/25/2023,13:02:00,381.5500,381.5500,381.5500,381.5500,4000,3534000,
BSOFT_F2,07/25/2023,13:03:00,381.5500,381.5500,381.5500,381.5500,2000,3544000,
BSOFT_F2,07/25/2023,13:05:00,381.0500,381.2000,381.0500,381.2000,6000,3544000,
BSOFT_F2,07/25/2023,13:06:00,381.1500,381.1500,381.1500,381.1500,2000,3552000,
BSOFT_F2,07/25/2023,13:07:00,381.1500,381.1500,381.1500,381.1500,6000,3552000,
BSOFT_F2,07/25/2023,13:08:00,381.1500,381.1500,381.1500,381.1500,2000,3552000,
BSOFT_F2,07/25/2023,13:10:00,381.1500,381.1500,381.1500,381.1500,2000,3554000,
BSOFT_F2,07/25/2023,13:11:00,381.0000,381.0000,381.0000,381.0000,6000,3554000,
BSOFT_F2,07/25/2023,13:12:00,380.7500,380.9500,380.7500,380.9500,4000,3562000,
BSOFT_F2,07/25/2023,13:14:00,380.5000,380.5000,380.5000,380.5000,6000,3562000,
BSOFT_F2,07/25/2023,13:15:00,380.3500,380.3500,380.2500,380.2500,4000,3572000,
BSOFT_F2,07/25/2023,13:16:00,380.1000,380.1000,380.1000,380.1000,8000,3572000,
BSOFT_F2,07/25/2023,13:17:00,380.1000,380.2000,380.1000,380.2000,6000,3572000,
BSOFT_F2,07/25/2023,13:19:00,380.0500,380.1000,380.0500,380.1000,6000,3576000,
BSOFT_F2,07/25/2023,13:21:00,380.1000,380.1000,380.1000,380.1000,2000,3576000,
BSOFT_F2,07/25/2023,13:22:00,380.0500,380.0500,380.0500,380.0500,4000,3582000,
BSOFT_F2,07/25/2023,13:23:00,380.0500,380.0500,380.0500,380.0500,4000,3582000,
BSOFT_F2,07/25/2023,13:24:00,379.6000,379.7000,379.6000,379.7000,16000,3600000,
BSOFT_F2,07/25/2023,13:25:00,379.4500,379.4500,379.4500,379.4500,8000,3600000,
BSOFT_F2,07/25/2023,13:26:00,379.4500,380.0000,379.4500,380.0000,12000,3600000,
BSOFT_F2,07/25/2023,13:27:00,379.8000,379.8000,379.3500,379.3500,6000,3616000,
BSOFT_F2,07/25/2023,13:28:00,379.3500,379.3500,379.3500,379.3500,4000,3616000,
BSOFT_F2,07/25/2023,13:29:00,379.3500,379.3500,379.3500,379.3500,2000,3616000,
BSOFT_F2,07/25/2023,13:30:00,379.2000,379.2000,378.6500,378.6500,20000,3618000,
BSOFT_F2,07/25/2023,13:31:00,378.6500,379.4500,378.6500,379.4500,8000,3618000,
BSOFT_F2,07/25/2023,13:32:00,379.1000,379.1000,378.7000,378.7000,4000,3618000,
BSOFT_F2,07/25/2023,13:33:00,379.0000,379.0000,379.0000,379.0000,6000,3632000,
BSOFT_F2,07/25/2023,13:34:00,379.0000,379.0000,379.0000,379.0000,10000,3632000,
BSOFT_F2,07/25/2023,13:35:00,378.7000,378.7000,378.7000,378.7000,10000,3632000,
BSOFT_F2,07/25/2023,13:36:00,378.2000,378.6000,378.2000,378.6000,18000,3648000,
BSOFT_F2,07/25/2023,13:39:00,379.3000,379.3000,379.3000,379.3000,18000,3658000,
BSOFT_F2,07/25/2023,13:40:00,379.3000,379.3000,379.3000,379.3000,2000,3658000,
BSOFT_F2,07/25/2023,13:42:00,379.3000,379.3500,379.3000,379.3500,8000,3664000,
BSOFT_F2,07/25/2023,13:44:00,379.3500,379.5000,379.3500,379.5000,6000,3664000,
BSOFT_F2,07/25/2023,13:45:00,379.5000,379.5000,379.5000,379.5000,8000,3674000,
BSOFT_F2,07/25/2023,13:47:00,379.5000,379.5000,379.5000,379.5000,2000,3674000,
BSOFT_F2,07/25/2023,13:48:00,379.5000,379.5000,379.5000,379.5000,2000,3674000,
BSOFT_F2,07/25/2023,13:50:00,379.5000,379.5000,379.5000,379.5000,2000,3682000,
BSOFT_F2,07/25/2023,13:51:00,379.2000,379.2000,379.2000,379.2000,8000,3682000,
BSOFT_F2,07/25/2023,13:52:00,379.2000,379.2000,379.2000,379.2000,2000,3688000,
BSOFT_F2,07/25/2023,13:53:00,379.5000,379.5000,379.5000,379.5000,4000,3688000,
BSOFT_F2,07/25/2023,13:55:00,379.5000,379.5000,379.5000,379.5000,2000,3692000,
BSOFT_F2,07/25/2023,13:56:00,379.5000,379.5000,379.5000,379.5000,4000,3692000,
BSOFT_F2,07/25/2023,13:57:00,379.5000,379.5000,379.5000,379.5000,4000,3692000,
BSOFT_F2,07/25/2023,13:58:00,379.5000,379.5000,379.5000,379.5000,10000,3700000,
BSOFT_F2,07/25/2023,13:59:00,379.2500,379.2500,378.9000,378.9000,10000,3700000,
BSOFT_F2,07/25/2023,14:00:00,378.9000,378.9000,378.2000,378.2000,6000,3708000,
BSOFT_F2,07/25/2023,14:01:00,378.1000,378.1000,378.0000,378.0000,12000,3708000,
BSOFT_F2,07/25/2023,14:02:00,377.8500,377.8500,377.8500,377.8500,16000,3708000,
BSOFT_F2,07/25/2023,14:03:00,378.3000,378.3000,378.3000,378.3000,2000,3708000,
BSOFT_F2,07/25/2023,14:04:00,378.4500,378.6000,378.4500,378.6000,8000,3710000,
BSOFT_F2,07/25/2023,14:05:00,378.7000,379.0000,378.7000,379.0000,4000,3710000,
BSOFT_F2,07/25/2023,14:06:00,379.3500,379.4000,379.3500,379.4000,22000,3710000,
BSOFT_F2,07/25/2023,14:07:00,379.4500,379.4500,379.4500,379.4500,6000,3734000,
BSOFT_F2,07/25/2023,14:09:00,379.6000,379.6000,379.6000,379.6000,34000,3734000,
BSOFT_F2,07/25/2023,14:10:00,379.4000,379.4000,379.4000,379.4000,8000,3766000,
BSOFT_F2,07/25/2023,14:13:00,379.4000,379.4000,379.4000,379.4000,12000,3772000,
BSOFT_F2,07/25/2023,14:14:00,378.9500,378.9500,378.9500,378.9500,2000,3772000,
BSOFT_F2,07/25/2023,14:15:00,378.9000,378.9000,378.9000,378.9000,2000,3784000,
BSOFT_F2,07/25/2023,14:16:00,379.0500,379.0500,379.0500,379.0500,6000,3784000,
BSOFT_F2,07/25/2023,14:17:00,379.2000,379.2000,379.1000,379.1000,20000,3784000,
BSOFT_F2,07/25/2023,14:19:00,379.2000,379.5000,379.2000,379.5000,18000,3806000,
BSOFT_F2,07/25/2023,14:20:00,379.5000,380.0000,379.5000,380.0000,4000,3806000,
BSOFT_F2,07/25/2023,14:21:00,380.0000,380.0000,380.0000,380.0000,2000,3806000,
BSOFT_F2,07/25/2023,14:22:00,380.6500,380.6500,380.6500,380.6500,4000,3814000,
BSOFT_F2,07/25/2023,14:23:00,380.6500,380.6500,380.6500,380.6500,4000,3814000,
BSOFT_F2,07/25/2023,14:24:00,380.6500,380.6500,380.6500,380.6500,6000,3824000,
BSOFT_F2,07/25/2023,14:25:00,380.3500,380.3500,380.3500,380.3500,4000,3824000,
BSOFT_F2,07/25/2023,14:27:00,380.3500,380.5000,380.3500,380.5000,8000,3832000,
BSOFT_F2,07/25/2023,14:28:00,380.3000,380.3000,380.3000,380.3000,10000,3832000,
BSOFT_F2,07/25/2023,14:29:00,380.3000,380.3000,380.3000,380.3000,2000,3832000,
BSOFT_F2,07/25/2023,14:30:00,380.3000,380.3000,380.3000,380.3000,6000,3834000,
BSOFT_F2,07/25/2023,14:31:00,380.2000,380.2000,380.2000,380.2000,2000,3834000,
BSOFT_F2,07/25/2023,14:32:00,380.2000,380.2000,380.2000,380.2000,2000,3834000,
BSOFT_F2,07/25/2023,14:34:00,380.2000,380.2000,380.2000,380.2000,2000,3836000,
BSOFT_F2,07/25/2023,14:35:00,380.2000,380.2000,380.2000,380.2000,6000,3836000,
BSOFT_F2,07/25/2023,14:36:00,380.3500,380.3500,380.3500,380.3500,2000,3838000,
BSOFT_F2,07/25/2023,14:37:00,380.3500,380.3500,380.3500,380.3500,2000,3838000,
BSOFT_F2,07/25/2023,14:38:00,380.2000,380.2000,380.2000,380.2000,2000,3838000,
BSOFT_F2,07/25/2023,14:39:00,380.4000,380.4000,380.4000,380.4000,4000,3832000,
BSOFT_F2,07/25/2023,14:41:00,380.4000,380.4000,380.4000,380.4000,10000,3832000,
BSOFT_F2,07/25/2023,14:42:00,380.2000,380.2000,380.2000,380.2000,6000,3832000,
BSOFT_F2,07/25/2023,14:43:00,380.6000,380.8000,380.6000,380.8000,10000,3840000,
BSOFT_F2,07/25/2023,14:44:00,380.9000,381.0500,380.9000,381.0000,24000,3840000,
BSOFT_F2,07/25/2023,14:46:00,380.2000,380.2000,380.2000,380.2000,2000,3850000,
BSOFT_F2,07/25/2023,14:48:00,380.2000,380.2000,379.8500,379.8500,24000,3854000,
BSOFT_F2,07/25/2023,14:50:00,379.9500,379.9500,379.9500,379.9500,2000,3854000,
BSOFT_F2,07/25/2023,14:51:00,379.9500,379.9500,379.9500,379.9500,8000,3866000,
BSOFT_F2,07/25/2023,14:52:00,380.3500,380.3500,380.0000,380.0000,12000,3866000,
BSOFT_F2,07/25/2023,14:53:00,380.1000,380.1000,380.1000,380.1000,4000,3866000,
BSOFT_F2,07/25/2023,14:54:00,380.1500,380.1500,380.1500,380.1500,4000,3866000,
BSOFT_F2,07/25/2023,14:55:00,380.3000,380.5000,380.3000,380.5000,12000,3874000,
BSOFT_F2,07/25/2023,14:56:00,380.4500,380.4500,380.4500,380.4500,2000,3874000,
BSOFT_F2,07/25/2023,14:57:00,380.6000,380.6000,380.6000,380.6000,6000,3874000,
BSOFT_F2,07/25/2023,15:00:00,380.3500,380.8000,380.3500,380.8000,18000,3896000,
BSOFT_F2,07/25/2023,15:01:00,381.0000,381.0000,381.0000,381.0000,12000,3896000,
BSOFT_F2,07/25/2023,15:03:00,380.9000,380.9000,380.9000,380.9000,6000,3896000,
BSOFT_F2,07/25/2023,15:04:00,380.8500,380.8500,380.8500,380.8500,4000,3900000,
BSOFT_F2,07/25/2023,15:05:00,380.9000,380.9000,380.9000,380.9000,2000,3900000,
BSOFT_F2,07/25/2023,15:06:00,380.8000,380.8000,380.8000,380.8000,2000,3900000,
BSOFT_F2,07/25/2023,15:09:00,380.8000,380.8000,380.6500,380.6500,10000,3898000,
BSOFT_F2,07/25/2023,15:10:00,381.0000,381.0000,380.8000,380.8000,10000,3898000,
BSOFT_F2,07/25/2023,15:11:00,380.7000,381.0500,380.7000,381.0500,14000,3898000,
BSOFT_F2,07/25/2023,15:12:00,380.8000,380.8000,380.8000,380.8000,2000,3898000,
BSOFT_F2,07/25/2023,15:13:00,380.8000,380.8000,380.8000,380.8000,2000,3908000,
BSOFT_F2,07/25/2023,15:14:00,380.8000,380.8000,380.8000,380.8000,8000,3908000,
BSOFT_F2,07/25/2023,15:15:00,380.8500,380.8500,380.8000,380.8000,8000,3908000,
BSOFT_F2,07/25/2023,15:16:00,380.8500,380.8500,380.8500,380.8500,4000,3914000,
BSOFT_F2,07/25/2023,15:18:00,381.0500,381.0500,381.0000,381.0000,6000,3920000,
BSOFT_F2,07/25/2023,15:19:00,381.0000,381.0000,381.0000,381.0000,2000,3920000,
BSOFT_F2,07/25/2023,15:20:00,381.0000,381.0500,381.0000,381.0500,6000,3920000,
BSOFT_F2,07/25/2023,15:21:00,381.0500,381.4500,381.0500,381.4500,10000,3934000,
BSOFT_F2,07/25/2023,15:22:00,381.3000,381.3000,381.2000,381.2000,24000,3934000,
BSOFT_F2,07/25/2023,15:23:00,381.2500,381.2500,381.2500,381.2500,2000,3934000,
BSOFT_F2,07/25/2023,15:24:00,381.2500,381.2500,381.2500,381.2500,4000,3946000,
BSOFT_F2,07/25/2023,15:27:00,381.5000,381.5000,381.4000,381.4000,12000,3946000,
BSOFT_F2,07/25/2023,15:28:00,381.6500,381.6500,381.6500,381.6500,2000,3946000,
BSOFT_F2,07/25/2023,15:29:00,381.4000,381.5000,381.3000,381.3000,20000,3946000,
BSOFT_F2,07/25/2023,15:30:00,381.6000,381.6000,381.6000,381.6000,2000,3946000,
BSOFT_F2,07/26/2023,09:15:00,381.9000,382.8000,379.4500,382.8000,10002,3920000,
BSOFT_F2,07/26/2023,09:16:00,383.1000,383.1000,382.7500,382.7500,16000,3920000,
BSOFT_F2,07/26/2023,09:18:00,382.9500,382.9500,382.9500,382.9500,6000,3922000,
BSOFT_F2,07/26/2023,09:19:00,382.8500,382.8500,382.8500,382.8500,2000,3922000,
BSOFT_F2,07/26/2023,09:20:00,382.0000,382.0000,382.0000,382.0000,104000,3930000,
BSOFT_F2,07/26/2023,09:21:00,381.7000,382.0500,381.7000,382.0500,20000,3930000,
BSOFT_F2,07/26/2023,09:22:00,382.0500,382.0500,382.0500,382.0500,6000,3930000,
BSOFT_F2,07/26/2023,09:23:00,382.2500,382.8500,382.2000,382.8000,24000,4038000,
BSOFT_F2,07/26/2023,09:24:00,382.8000,383.4000,382.8000,383.4000,24000,4038000,
BSOFT_F2,07/26/2023,09:25:00,383.4000,383.4000,383.4000,383.4000,10000,4038000,
BSOFT_F2,07/26/2023,09:26:00,382.3500,382.6500,382.3500,382.6500,8000,4074000,
BSOFT_F2,07/26/2023,09:27:00,382.1500,382.1500,382.1500,382.1500,4000,4074000,
BSOFT_F2,07/26/2023,09:28:00,382.0000,382.0000,381.5500,381.5500,18000,4074000,
BSOFT_F2,07/26/2023,09:29:00,381.9000,381.9000,381.5500,381.5500,8000,4082000,
BSOFT_F2,07/26/2023,09:30:00,381.5500,381.8000,381.5500,381.8000,8000,4082000,
BSOFT_F2,07/26/2023,09:31:00,381.5000,381.5000,381.5000,381.5000,4000,4082000,
BSOFT_F2,07/26/2023,09:32:00,381.5000,381.5000,381.5000,381.5000,4000,4082000,
BSOFT_F2,07/26/2023,09:33:00,381.5000,381.6000,381.5000,381.6000,4000,4094000,
BSOFT_F2,07/26/2023,09:34:00,381.5000,381.5000,381.5000,381.5000,6000,4094000,
BSOFT_F2,07/26/2023,09:35:00,381.7500,381.7500,381.7500,381.7500,8000,4094000,
BSOFT_F2,07/26/2023,09:36:00,381.7500,381.7500,381.7500,381.7500,2000,4100000,
BSOFT_F2,07/26/2023,09:38:00,382.0000,382.0000,382.0000,382.0000,8000,4100000,
BSOFT_F2,07/26/2023,09:39:00,381.7500,381.7500,381.7000,381.7000,8000,4090000,
BSOFT_F2,07/26/2023,09:40:00,381.9000,381.9000,381.5000,381.5000,14000,4090000,
BSOFT_F2,07/26/2023,09:41:00,381.5000,381.6000,381.4000,381.4000,6000,4090000,
BSOFT_F2,07/26/2023,09:42:00,381.4000,381.4000,381.4000,381.4000,2000,4096000,
BSOFT_F2,07/26/2023,09:43:00,381.1500,381.1500,381.1500,381.1500,4000,4096000,
BSOFT_F2,07/26/2023,09:44:00,381.1500,381.1500,381.1500,381.1500,2000,4096000,
BSOFT_F2,07/26/2023,09:45:00,381.1500,381.4000,381.1500,381.4000,8000,4098000,
BSOFT_F2,07/26/2023,09:47:00,381.5000,381.5000,381.5000,381.5000,4000,4098000,
BSOFT_F2,07/26/2023,09:48:00,381.5500,382.2000,381.5500,382.2000,8000,4102000,
BSOFT_F2,07/26/2023,09:49:00,382.2000,382.2000,382.2000,382.2000,8000,4102000,
BSOFT_F2,07/26/2023,09:50:00,382.2000,382.2000,382.2000,382.2000,4000,4108000,
BSOFT_F2,07/26/2023,09:51:00,382.2000,382.2000,382.2000,382.2000,14000,4108000,
BSOFT_F2,07/26/2023,09:52:00,382.2000,382.5000,382.2000,382.5000,6000,4108000,
BSOFT_F2,07/26/2023,09:53:00,382.5000,382.5000,382.5000,382.5000,2000,4108000,
BSOFT_F2,07/26/2023,09:54:00,383.0000,383.0500,383.0000,383.0500,14000,4128000,
BSOFT_F2,07/26/2023,09:55:00,383.0000,383.0000,382.5500,382.5500,14000,4128000,
BSOFT_F2,07/26/2023,09:56:00,382.6000,382.6000,382.5500,382.5500,10000,4128000,
BSOFT_F2,07/26/2023,09:57:00,383.0000,383.0000,382.9500,382.9500,6000,4112000,
BSOFT_F2,07/26/2023,09:58:00,382.9000,382.9000,382.9000,382.9000,4000,4112000,
BSOFT_F2,07/26/2023,10:00:00,382.3000,382.3000,382.3000,382.3000,8000,4112000,
BSOFT_F2,07/26/2023,10:01:00,382.5000,382.7500,382.5000,382.7500,20000,4112000,
BSOFT_F2,07/26/2023,10:02:00,382.7500,383.0000,382.7500,383.0000,4000,4112000,
BSOFT_F2,07/26/2023,10:03:00,383.0000,383.0000,382.9500,382.9500,4000,4110000,
BSOFT_F2,07/26/2023,10:04:00,382.9500,382.9500,382.9500,382.9500,2000,4110000,
BSOFT_F2,07/26/2023,10:05:00,383.4000,383.5000,383.3000,383.5000,6000,4110000,
BSOFT_F2,07/26/2023,10:06:00,383.5000,383.5000,383.5000,383.5000,4000,4114000,
BSOFT_F2,07/26/2023,10:07:00,383.5000,383.5000,383.5000,383.5000,2000,4114000,
BSOFT_F2,07/26/2023,10:08:00,382.8500,382.8500,382.8500,382.8500,14000,4114000,
BSOFT_F2,07/26/2023,10:11:00,382.8000,382.8000,382.8000,382.8000,6000,4112000,
BSOFT_F2,07/26/2023,10:13:00,382.8000,382.8000,382.7000,382.7000,4000,4112000,
BSOFT_F2,07/26/2023,10:14:00,382.5500,382.7000,382.5500,382.7000,6000,4112000,
BSOFT_F2,07/26/2023,10:16:00,383.0500,383.5500,383.0500,383.5500,14000,4116000,
BSOFT_F2,07/26/2023,10:17:00,383.6000,384.2500,383.6000,384.2500,20000,4116000,
BSOFT_F2,07/26/2023,10:18:00,384.4000,384.6500,384.4000,384.6500,24000,4100000,
BSOFT_F2,07/26/2023,10:19:00,384.6500,384.6500,384.3500,384.3500,56000,4100000,
BSOFT_F2,07/26/2023,10:20:00,384.0000,384.1000,384.0000,384.1000,12000,4100000,
BSOFT_F2,07/26/2023,10:21:00,384.1000,384.3500,384.1000,384.3500,4000,4156000,
BSOFT_F2,07/26/2023,10:22:00,384.3500,384.8000,384.3500,384.8000,16000,4156000,
BSOFT_F2,07/26/2023,10:23:00,384.9000,385.0000,384.7000,384.7000,38000,4158000,
BSOFT_F2,07/26/2023,10:24:00,384.7000,384.7000,384.7000,384.7000,2000,4158000,
BSOFT_F2,07/26/2023,10:26:00,384.5000,384.5000,384.5000,384.5000,2000,4158000,
BSOFT_F2,07/26/2023,10:27:00,384.3500,384.3500,384.3500,384.3500,10000,4156000,
BSOFT_F2,07/26/2023,10:28:00,384.3500,384.3500,384.3500,384.3500,8000,4156000,
BSOFT_F2,07/26/2023,10:29:00,384.3500,384.3500,384.3500,384.3500,4000,4156000,
BSOFT_F2,07/26/2023,10:30:00,384.5500,384.5500,384.5500,384.5500,4000,4170000,
BSOFT_F2,07/26/2023,10:31:00,384.5500,384.5500,384.5500,384.5500,2000,4170000,
BSOFT_F2,07/26/2023,10:32:00,384.5500,384.5500,384.5500,384.5500,4000,4170000,
BSOFT_F2,07/26/2023,10:33:00,384.4000,384.4000,384.4000,384.4000,2000,4170000,
BSOFT_F2,07/26/2023,10:34:00,384.4000,384.4000,384.4000,384.4000,10000,4170000,
BSOFT_F2,07/26/2023,10:35:00,384.4000,384.4000,384.4000,384.4000,2000,4170000,
BSOFT_F2,07/26/2023,10:36:00,384.4000,384.4000,384.4000,384.4000,30000,4186000,
BSOFT_F2,07/26/2023,10:37:00,384.4500,384.4500,384.4500,384.4500,6000,4186000,
BSOFT_F2,07/26/2023,10:38:00,384.8500,384.8500,384.6000,384.6000,44000,4186000,
BSOFT_F2,07/26/2023,10:39:00,384.6000,384.6000,384.5000,384.5000,12000,4240000,
BSOFT_F2,07/26/2023,10:40:00,384.5000,384.5000,384.5000,384.5000,2000,4240000,
BSOFT_F2,07/26/2023,10:41:00,384.5000,384.5000,384.5000,384.5000,2000,4240000,
BSOFT_F2,07/26/2023,10:42:00,384.5000,384.5000,384.5000,384.5000,6000,4248000,
BSOFT_F2,07/26/2023,10:43:00,384.6000,384.7000,384.6000,384.7000,10000,4248000,
BSOFT_F2,07/26/2023,10:44:00,384.8000,384.8000,384.7500,384.7500,22000,4248000,
BSOFT_F2,07/26/2023,10:45:00,384.9500,384.9500,384.9500,384.9500,14000,4252000,
BSOFT_F2,07/26/2023,10:46:00,385.0000,385.0000,385.0000,385.0000,10000,4252000,
BSOFT_F2,07/26/2023,10:47:00,385.0000,385.0000,385.0000,385.0000,6000,4252000,
BSOFT_F2,07/26/2023,10:48:00,384.8000,384.8000,384.8000,384.8000,4000,4254000,
BSOFT_F2,07/26/2023,10:49:00,384.7000,384.7000,384.7000,384.7000,20000,4254000,
BSOFT_F2,07/26/2023,10:50:00,384.7000,384.7000,384.7000,384.7000,14000,4254000,
BSOFT_F2,07/26/2023,10:51:00,384.9000,384.9000,384.9000,384.9000,4000,4286000,
BSOFT_F2,07/26/2023,10:52:00,384.9000,384.9000,384.9000,384.9000,2000,4286000,
BSOFT_F2,07/26/2023,10:53:00,384.8500,384.8500,384.8500,384.8500,8000,4286000,
BSOFT_F2,07/26/2023,10:54:00,385.0000,385.0000,385.0000,385.0000,6000,4286000,
BSOFT_F2,07/26/2023,10:55:00,385.3500,385.3500,385.3500,385.3500,16000,4286000,
BSOFT_F2,07/26/2023,10:56:00,385.5000,385.5000,385.5000,385.5000,6000,4286000,
BSOFT_F2,07/26/2023,10:57:00,385.8500,385.9500,385.8500,385.9500,18000,4284000,
BSOFT_F2,07/26/2023,10:58:00,386.1500,386.1500,386.1500,386.1500,12000,4284000,
BSOFT_F2,07/26/2023,10:59:00,386.1500,386.1500,386.1500,386.1500,2000,4284000,
BSOFT_F2,07/26/2023,11:00:00,386.3500,386.3500,386.3500,386.3500,34000,4294000,
BSOFT_F2,07/26/2023,11:01:00,385.5000,385.5000,385.1500,385.1500,22000,4294000,
BSOFT_F2,07/26/2023,11:02:00,385.5000,385.5000,385.5000,385.5000,4000,4294000,
BSOFT_F2,07/26/2023,11:03:00,385.5000,385.6500,385.5000,385.6500,8000,4290000,
BSOFT_F2,07/26/2023,11:04:00,385.6500,385.6500,385.6500,385.6500,6000,4290000,
BSOFT_F2,07/26/2023,11:05:00,385.6500,386.1000,385.6500,386.1000,26000,4290000,
BSOFT_F2,07/26/2023,11:07:00,386.2500,386.2500,386.2000,386.2000,14000,4312000,
BSOFT_F2,07/26/2023,11:08:00,386.2000,386.2500,386.2000,386.2500,8000,4312000,
BSOFT_F2,07/26/2023,11:09:00,386.2500,386.2500,386.2500,386.2500,6000,4320000,
BSOFT_F2,07/26/2023,11:10:00,386.2500,386.2500,386.0000,386.0000,140000,4320000,
BSOFT_F2,07/26/2023,11:11:00,386.0000,386.0500,385.9500,385.9500,50000,4320000,
BSOFT_F2,07/26/2023,11:12:00,385.9500,385.9500,385.9000,385.9000,12000,4488000,
BSOFT_F2,07/26/2023,11:13:00,385.9000,385.9000,385.9000,385.9000,18000,4488000,
BSOFT_F2,07/26/2023,11:14:00,385.6500,385.6500,385.6500,385.6500,8000,4488000,
BSOFT_F2,07/26/2023,11:15:00,385.6500,385.6500,385.6500,385.6500,4000,4498000,
BSOFT_F2,07/26/2023,11:16:00,385.6500,385.6500,385.6500,385.6500,12000,4498000,
BSOFT_F2,07/26/2023,11:17:00,385.4000,385.4000,385.4000,385.4000,32000,4498000,
BSOFT_F2,07/26/2023,11:18:00,385.2500,385.2500,385.2500,385.2500,6000,4492000,
BSOFT_F2,07/26/2023,11:19:00,385.2500,385.2500,385.2500,385.2500,4000,4492000,
BSOFT_F2,07/26/2023,11:20:00,385.0500,385.0500,385.0000,385.0000,6000,4492000,
BSOFT_F2,07/26/2023,11:21:00,385.0000,385.0000,385.0000,385.0000,8000,4492000,
BSOFT_F2,07/26/2023,11:22:00,385.0000,385.0000,385.0000,385.0000,8000,4492000,
BSOFT_F2,07/26/2023,11:23:00,384.6500,384.6500,384.6500,384.6500,14000,4492000,
BSOFT_F2,07/26/2023,11:24:00,384.6500,384.6500,384.6500,384.6500,12000,4500000,
BSOFT_F2,07/26/2023,11:25:00,384.6500,384.6500,384.6500,384.6500,2000,4500000,
BSOFT_F2,07/26/2023,11:26:00,384.6500,384.6500,384.6500,384.6500,4000,4500000,
BSOFT_F2,07/26/2023,11:27:00,384.6500,384.6500,384.6500,384.6500,2000,4500000,
BSOFT_F2,07/26/2023,11:28:00,384.6500,384.6500,384.6500,384.6500,2000,4516000,
BSOFT_F2,07/26/2023,11:29:00,384.6500,385.0000,384.6500,385.0000,6000,4516000,
BSOFT_F2,07/26/2023,11:31:00,385.0000,385.0000,385.0000,385.0000,4000,4524000,
BSOFT_F2,07/26/2023,11:32:00,384.8000,384.8000,384.8000,384.8000,8000,4524000,
BSOFT_F2,07/26/2023,11:33:00,384.8000,384.8000,384.8000,384.8000,6000,4528000,
BSOFT_F2,07/26/2023,11:34:00,384.8000,384.8000,384.8000,384.8000,6000,4528000,
BSOFT_F2,07/26/2023,11:35:00,384.8000,384.8000,384.7500,384.7500,4000,4528000,
BSOFT_F2,07/26/2023,11:36:00,384.7500,384.7500,384.7500,384.7500,4000,4540000,
BSOFT_F2,07/26/2023,11:37:00,384.6000,384.6000,384.6000,384.6000,8000,4540000,
BSOFT_F2,07/26/2023,11:38:00,384.6000,384.6000,384.6000,384.6000,2000,4540000,
BSOFT_F2,07/26/2023,11:39:00,384.6000,384.6000,384.6000,384.6000,4000,4546000,
BSOFT_F2,07/26/2023,11:40:00,384.6000,384.6000,384.5000,384.5000,10000,4546000,
BSOFT_F2,07/26/2023,11:42:00,384.5000,384.5000,384.5000,384.5000,4000,4558000,
BSOFT_F2,07/26/2023,11:43:00,384.5000,384.5000,384.5000,384.5000,4000,4558000,
BSOFT_F2,07/26/2023,11:44:00,384.5000,384.5000,384.5000,384.5000,6000,4558000,
BSOFT_F2,07/26/2023,11:45:00,384.5000,384.5000,384.5000,384.5000,2000,4570000,
BSOFT_F2,07/26/2023,11:46:00,384.5000,384.5000,384.3500,384.3500,22000,4570000,
BSOFT_F2,07/26/2023,11:48:00,384.3500,384.3500,384.3500,384.3500,4000,4570000,
BSOFT_F2,07/26/2023,11:49:00,384.3500,384.3500,384.3500,384.3500,162000,4598000,
BSOFT_F2,07/26/2023,11:50:00,384.3500,384.3500,384.3500,384.3500,2000,4598000,
BSOFT_F2,07/26/2023,11:51:00,384.5500,384.5500,384.5500,384.5500,8000,4748000,
BSOFT_F2,07/26/2023,11:52:00,384.5500,384.5500,384.5500,384.5500,4000,4748000,
BSOFT_F2,07/26/2023,11:53:00,384.5500,384.5500,384.5500,384.5500,2000,4748000,
BSOFT_F2,07/26/2023,11:54:00,384.5500,384.9500,384.5500,384.9500,8000,4756000,
BSOFT_F2,07/26/2023,11:55:00,384.9000,384.9000,384.9000,384.9000,6000,4756000,
BSOFT_F2,07/26/2023,11:56:00,384.9000,384.9000,384.9000,384.9000,4000,4756000,
BSOFT_F2,07/26/2023,11:57:00,385.2000,385.2000,385.2000,385.2000,8000,4760000,
BSOFT_F2,07/26/2023,11:58:00,385.2000,385.2000,385.2000,385.2000,2000,4760000,
BSOFT_F2,07/26/2023,11:59:00,385.0000,385.0000,385.0000,385.0000,8000,4760000,
BSOFT_F2,07/26/2023,12:00:00,385.0000,385.0000,385.0000,385.0000,2000,4768000,
BSOFT_F2,07/26/2023,12:01:00,385.0000,385.0000,385.0000,385.0000,4000,4768000,
BSOFT_F2,07/26/2023,12:02:00,385.0000,385.0000,385.0000,385.0000,6000,4768000,
BSOFT_F2,07/26/2023,12:03:00,385.0000,385.0000,385.0000,385.0000,2000,4770000,
BSOFT_F2,07/26/2023,12:04:00,385.6500,385.6500,385.4500,385.4500,24000,4770000,
BSOFT_F2,07/26/2023,12:06:00,385.4500,385.4500,385.4500,385.4500,4000,4774000,
BSOFT_F2,07/26/2023,12:07:00,385.7000,385.7000,385.7000,385.7000,2000,4774000,
BSOFT_F2,07/26/2023,12:08:00,385.7000,385.7000,385.7000,385.7000,4000,4774000,
BSOFT_F2,07/26/2023,12:09:00,385.7000,385.7000,385.7000,385.7000,2000,4776000,
BSOFT_F2,07/26/2023,12:10:00,385.7000,385.7000,385.4000,385.4000,10000,4776000,
BSOFT_F2,07/26/2023,12:11:00,385.4000,385.4000,385.4000,385.4000,4000,4776000,
BSOFT_F2,07/26/2023,12:12:00,385.3000,385.3000,385.3000,385.3000,2000,4778000,
BSOFT_F2,07/26/2023,12:13:00,385.3000,385.3000,385.3000,385.3000,6000,4778000,
BSOFT_F2,07/26/2023,12:15:00,385.4000,385.4000,385.4000,385.4000,6000,4778000,
BSOFT_F2,07/26/2023,12:16:00,385.4000,385.4000,385.4000,385.4000,4000,4778000,
BSOFT_F2,07/26/2023,12:17:00,385.5000,385.5000,385.5000,385.5000,6000,4778000,
BSOFT_F2,07/26/2023,12:18:00,385.5000,385.5000,385.5000,385.5000,10000,4780000,
BSOFT_F2,07/26/2023,12:19:00,385.5000,385.5000,385.5000,385.5000,12000,4780000,
BSOFT_F2,07/26/2023,12:20:00,385.5000,385.5000,385.5000,385.5000,12000,4780000,
BSOFT_F2,07/26/2023,12:21:00,385.5000,385.5000,385.5000,385.5000,10000,4796000,
BSOFT_F2,07/26/2023,12:22:00,385.5000,385.5000,385.5000,385.5000,2000,4796000,
BSOFT_F2,07/26/2023,12:23:00,385.5000,385.5000,385.5000,385.5000,2000,4796000,
BSOFT_F2,07/26/2023,12:24:00,385.5000,385.5000,385.5000,385.5000,26000,4804000,
BSOFT_F2,07/26/2023,12:25:00,384.5000,384.5000,384.3000,384.3000,72000,4804000,
BSOFT_F2,07/26/2023,12:26:00,384.3000,384.3500,383.7000,384.3500,48000,4804000,
BSOFT_F2,07/26/2023,12:27:00,384.3500,384.3500,384.0000,384.0000,6000,4800000,
BSOFT_F2,07/26/2023,12:28:00,384.0000,384.0000,384.0000,384.0000,2000,4800000,
BSOFT_F2,07/26/2023,12:29:00,384.0000,384.0000,384.0000,384.0000,2000,4800000,
BSOFT_F2,07/26/2023,12:30:00,383.9000,383.9000,383.8500,383.8500,6000,4804000,
BSOFT_F2,07/26/2023,12:31:00,383.8500,383.8500,383.8500,383.8500,6000,4804000,
BSOFT_F2,07/26/2023,12:33:00,383.8500,383.9000,383.8500,383.9000,20000,4814000,
BSOFT_F2,07/26/2023,12:34:00,383.9000,383.9000,383.9000,383.9000,4000,4814000,
BSOFT_F2,07/26/2023,12:36:00,384.4000,384.5000,384.4000,384.5000,14000,4822000,
BSOFT_F2,07/26/2023,12:37:00,384.5000,384.5000,384.5000,384.5000,4000,4822000,
BSOFT_F2,07/26/2023,12:38:00,384.5000,384.5000,384.5000,384.5000,4000,4822000,
BSOFT_F2,07/26/2023,12:39:00,384.7000,384.7000,384.7000,384.7000,24000,4830000,
BSOFT_F2,07/26/2023,12:40:00,384.5500,384.5500,384.5500,384.5500,2000,4830000,
BSOFT_F2,07/26/2023,12:41:00,384.5500,384.5500,384.5500,384.5500,2000,4830000,
BSOFT_F2,07/26/2023,12:42:00,384.5500,384.5500,384.5500,384.5500,2000,4848000,
BSOFT_F2,07/26/2023,12:43:00,384.5500,384.5500,384.5500,384.5500,6000,4848000,
BSOFT_F2,07/26/2023,12:45:00,384.5500,384.5500,384.5500,384.5500,2000,4852000,
BSOFT_F2,07/26/2023,12:46:00,384.2000,384.2000,384.2000,384.2000,6000,4852000,
BSOFT_F2,07/26/2023,12:47:00,384.2000,384.2000,384.2000,384.2000,2000,4852000,
BSOFT_F2,07/26/2023,12:48:00,384.2000,384.2000,384.2000,384.2000,2000,4848000,
BSOFT_F2,07/26/2023,12:49:00,384.2000,384.2000,384.0500,384.0500,14000,4848000,
BSOFT_F2,07/26/2023,12:50:00,383.5500,383.5500,383.5500,383.5500,6000,4848000,
BSOFT_F2,07/26/2023,12:51:00,383.5500,383.5500,383.5500,383.5500,4000,4858000,
BSOFT_F2,07/26/2023,12:52:00,383.5500,383.5500,383.5500,383.5500,4000,4858000,
BSOFT_F2,07/26/2023,12:53:00,383.5500,383.5500,383.5500,383.5500,2000,4858000,
BSOFT_F2,07/26/2023,12:54:00,383.7000,383.7000,383.7000,383.7000,6000,4862000,
BSOFT_F2,07/26/2023,12:56:00,383.7000,383.7000,383.7000,383.7000,2000,4862000,
BSOFT_F2,07/26/2023,12:57:00,383.9000,383.9000,383.9000,383.9000,6000,4866000,
BSOFT_F2,07/26/2023,12:58:00,383.9000,383.9000,383.9000,383.9000,50000,4866000,
BSOFT_F2,07/26/2023,12:59:00,383.9000,383.9000,383.9000,383.9000,4000,4866000,
BSOFT_F2,07/26/2023,13:00:00,383.9000,383.9000,383.9000,383.9000,4000,4922000,
BSOFT_F2,07/26/2023,13:01:00,383.9000,383.9000,383.9000,383.9000,2000,4922000,
BSOFT_F2,07/26/2023,13:02:00,383.8500,383.8500,383.8000,383.8000,22000,4922000,
BSOFT_F2,07/26/2023,13:03:00,383.4000,383.4000,383.1500,383.1500,18000,4944000,
BSOFT_F2,07/26/2023,13:04:00,382.7500,383.0000,382.7500,383.0000,10000,4944000,
BSOFT_F2,07/26/2023,13:05:00,383.1000,383.3000,383.1000,383.3000,10000,4944000,
BSOFT_F2,07/26/2023,13:06:00,383.5000,383.5000,383.5000,383.5000,8000,4962000,
BSOFT_F2,07/26/2023,13:07:00,383.5000,383.5000,383.5000,383.5000,4000,4962000,
BSOFT_F2,07/26/2023,13:08:00,383.5000,383.5000,383.5000,383.5000,2000,4962000,
BSOFT_F2,07/26/2023,13:10:00,383.1000,383.1000,383.1000,383.1000,2000,4968000,
BSOFT_F2,07/26/2023,13:11:00,383.1000,383.1000,383.1000,383.1000,4000,4968000,
BSOFT_F2,07/26/2023,13:12:00,383.1000,383.1000,383.1000,383.1000,2000,4968000,
BSOFT_F2,07/26/2023,13:13:00,382.5000,382.5000,382.5000,382.5000,4000,4972000,
BSOFT_F2,07/26/2023,13:14:00,382.5000,382.5000,382.5000,382.5000,2000,4972000,
BSOFT_F2,07/26/2023,13:16:00,382.5000,382.5000,382.5000,382.5000,12000,4980000,
BSOFT_F2,07/26/2023,13:17:00,382.5000,382.5000,382.5000,382.5000,2000,4980000,
BSOFT_F2,07/26/2023,13:18:00,382.3000,382.3000,382.3000,382.3000,6000,4994000,
BSOFT_F2,07/26/2023,13:20:00,382.2000,382.2000,382.2000,382.2000,2000,4994000,
BSOFT_F2,07/26/2023,13:21:00,382.0500,382.0500,382.0500,382.0500,6000,4996000,
BSOFT_F2,07/26/2023,13:22:00,382.0500,382.2500,382.0500,382.2500,12000,4996000,
BSOFT_F2,07/26/2023,13:23:00,382.4000,382.4000,382.2000,382.4000,24000,4996000,
BSOFT_F2,07/26/2023,13:24:00,382.1000,382.2500,382.1000,382.2500,14000,5000000,
BSOFT_F2,07/26/2023,13:25:00,382.2000,383.3000,382.0500,383.3000,60000,5000000,
BSOFT_F2,07/26/2023,13:27:00,383.0000,383.3500,383.0000,383.3500,36000,5050000,
BSOFT_F2,07/26/2023,13:28:00,383.3500,383.3500,383.3500,383.3500,2000,5050000,
BSOFT_F2,07/26/2023,13:29:00,383.3500,383.3500,383.3500,383.3500,6000,5050000,
BSOFT_F2,07/26/2023,13:31:00,383.3500,383.3500,383.3500,383.3500,4000,5064000,
BSOFT_F2,07/26/2023,13:33:00,383.3500,383.3500,383.3500,383.3500,10000,5070000,
BSOFT_F2,07/26/2023,13:34:00,383.5000,383.5000,383.5000,383.5000,6000,5070000,
BSOFT_F2,07/26/2023,13:35:00,383.2000,383.2000,383.2000,383.2000,2000,5070000,
BSOFT_F2,07/26/2023,13:36:00,383.2000,383.2000,383.2000,383.2000,4000,5068000,
BSOFT_F2,07/26/2023,13:40:00,383.2000,383.2000,383.2000,383.2000,2000,5072000,
BSOFT_F2,07/26/2023,13:43:00,382.8000,383.0000,382.8000,383.0000,50000,5074000,
BSOFT_F2,07/26/2023,13:44:00,383.5000,383.5000,383.5000,383.5000,10000,5074000,
BSOFT_F2,07/26/2023,13:45:00,383.5000,384.0000,383.5000,384.0000,6000,5118000,
BSOFT_F2,07/26/2023,13:46:00,383.8000,383.8000,383.8000,383.8000,2000,5118000,
BSOFT_F2,07/26/2023,13:47:00,383.8000,383.8000,383.8000,383.8000,2000,5118000,
BSOFT_F2,07/26/2023,13:49:00,383.8000,383.8000,383.8000,383.8000,4000,5122000,
BSOFT_F2,07/26/2023,13:51:00,383.8000,383.8000,383.8000,383.8000,6000,5130000,
BSOFT_F2,07/26/2023,13:52:00,383.8000,383.8000,383.8000,383.8000,40000,5130000,
BSOFT_F2,07/26/2023,13:54:00,383.8000,383.8000,383.8000,383.8000,6000,5172000,
BSOFT_F2,07/26/2023,13:55:00,383.8000,383.8000,383.8000,383.8000,6000,5172000,
BSOFT_F2,07/26/2023,13:57:00,383.8000,383.8000,383.8000,383.8000,2000,5172000,
BSOFT_F2,07/26/2023,13:58:00,383.8000,383.8000,383.8000,383.8000,4000,5184000,
BSOFT_F2,07/26/2023,13:59:00,383.8000,383.8000,383.6500,383.6500,6000,5184000,
BSOFT_F2,07/26/2023,14:00:00,383.7000,383.7000,383.7000,383.7000,2000,5192000,
BSOFT_F2,07/26/2023,14:01:00,383.7000,383.7000,383.7000,383.7000,6000,5192000,
BSOFT_F2,07/26/2023,14:03:00,383.5500,383.5500,383.5500,383.5500,2000,5192000,
BSOFT_F2,07/26/2023,14:04:00,383.5500,383.5500,383.5500,383.5500,4000,5202000,
BSOFT_F2,07/26/2023,14:05:00,383.6000,383.9500,383.6000,383.9500,10000,5202000,
BSOFT_F2,07/26/2023,14:07:00,384.1500,384.1500,384.1500,384.1500,4000,5212000,
BSOFT_F2,07/26/2023,14:08:00,384.1500,384.1500,384.1500,384.1500,2000,5212000,
BSOFT_F2,07/26/2023,14:09:00,384.1500,384.1500,384.1500,384.1500,8000,5220000,
BSOFT_F2,07/26/2023,14:10:00,384.1500,384.1500,384.0000,384.0000,6000,5220000,
BSOFT_F2,07/26/2023,14:11:00,384.0000,384.2000,384.0000,384.2000,8000,5220000,
BSOFT_F2,07/26/2023,14:12:00,384.2000,384.2000,384.2000,384.2000,6000,5238000,
BSOFT_F2,07/26/2023,14:13:00,384.2000,384.2500,384.2000,384.2500,4000,5238000,
BSOFT_F2,07/26/2023,14:14:00,384.2500,384.2500,384.2500,384.2500,8000,5238000,
BSOFT_F2,07/26/2023,14:15:00,384.2500,384.2500,384.2500,384.2500,2000,5238000,
BSOFT_F2,07/26/2023,14:16:00,384.2000,384.2000,384.2000,384.2000,14000,5246000,
BSOFT_F2,07/26/2023,14:17:00,384.2000,384.2000,384.2000,384.2000,2000,5246000,
BSOFT_F2,07/26/2023,14:18:00,384.1000,384.1000,384.0000,384.0000,12000,5248000,
BSOFT_F2,07/26/2023,14:19:00,384.0000,384.0000,384.0000,384.0000,4000,5248000,
BSOFT_F2,07/26/2023,14:20:00,384.0000,384.0000,384.0000,384.0000,2000,5248000,
BSOFT_F2,07/26/2023,14:21:00,384.0000,385.0000,384.0000,385.0000,20000,5260000,
BSOFT_F2,07/26/2023,14:22:00,385.2500,385.2500,385.2500,385.2500,4000,5260000,
BSOFT_F2,07/26/2023,14:23:00,385.2500,385.2500,385.0000,385.0000,6000,5260000,
BSOFT_F2,07/26/2023,14:24:00,384.9500,384.9500,384.9500,384.9500,4000,5276000,
BSOFT_F2,07/26/2023,14:25:00,384.9500,384.9500,384.9500,384.9500,4000,5276000,
BSOFT_F2,07/26/2023,14:26:00,384.9500,384.9500,384.7000,384.7000,4000,5276000,
BSOFT_F2,07/26/2023,14:27:00,384.7000,384.7000,384.5000,384.5000,4000,5276000,
BSOFT_F2,07/26/2023,14:28:00,384.5000,384.5000,384.5000,384.5000,4000,5276000,
BSOFT_F2,07/26/2023,14:29:00,384.5000,384.5000,384.5000,384.5000,2000,5276000,
BSOFT_F2,07/26/2023,14:30:00,384.5000,384.5000,384.5000,384.5000,32000,5286000,
BSOFT_F2,07/26/2023,14:31:00,384.5000,384.5000,384.5000,384.5000,4000,5286000,
BSOFT_F2,07/26/2023,14:32:00,384.5000,384.5000,384.5000,384.5000,4000,5286000,
BSOFT_F2,07/26/2023,14:33:00,384.5000,384.5000,384.5000,384.5000,2000,5318000,
BSOFT_F2,07/26/2023,14:34:00,384.5000,384.5000,384.5000,384.5000,2000,5318000,
BSOFT_F2,07/26/2023,14:35:00,384.8000,384.8000,384.8000,384.8000,30000,5318000,
BSOFT_F2,07/26/2023,14:36:00,384.8000,384.8000,384.7000,384.7000,10000,5356000,
BSOFT_F2,07/26/2023,14:37:00,384.7000,384.7000,384.7000,384.7000,2000,5356000,
BSOFT_F2,07/26/2023,14:38:00,384.7000,384.7000,384.5500,384.5500,8000,5356000,
BSOFT_F2,07/26/2023,14:39:00,384.5500,384.5500,384.3000,384.3000,4000,5364000,
BSOFT_F2,07/26/2023,14:40:00,384.3000,384.3000,384.3000,384.3000,6000,5364000,
BSOFT_F2,07/26/2023,14:41:00,384.3000,384.3000,384.3000,384.3000,2000,5364000,
BSOFT_F2,07/26/2023,14:42:00,384.3000,384.3000,384.3000,384.3000,2000,5364000,
BSOFT_F2,07/26/2023,14:43:00,384.3000,384.3000,383.8500,383.8500,4000,5374000,
BSOFT_F2,07/26/2023,14:44:00,383.8500,383.8500,383.8500,383.8500,6000,5374000,
BSOFT_F2,07/26/2023,14:45:00,384.3000,384.3000,384.3000,384.3000,10000,5380000,
BSOFT_F2,07/26/2023,14:46:00,384.2500,384.2500,384.2500,384.2500,14000,5380000,
BSOFT_F2,07/26/2023,14:47:00,384.2500,384.7500,384.2500,384.7500,14000,5380000,
BSOFT_F2,07/26/2023,14:48:00,384.0000,384.0000,384.0000,384.0000,4000,5398000,
BSOFT_F2,07/26/2023,14:49:00,384.0000,384.0000,384.0000,384.0000,2000,5398000,
BSOFT_F2,07/26/2023,14:50:00,384.0000,384.0000,384.0000,384.0000,6000,5398000,
BSOFT_F2,07/26/2023,14:51:00,384.0000,384.0000,384.0000,384.0000,2000,5398000,
BSOFT_F2,07/26/2023,14:52:00,384.0000,384.0000,383.4000,383.4000,8000,5408000,
BSOFT_F2,07/26/2023,14:53:00,382.9500,382.9500,382.9500,382.9500,68000,5408000,
BSOFT_F2,07/26/2023,14:54:00,382.5500,382.5500,382.5500,382.5500,36000,5498000,
BSOFT_F2,07/26/2023,14:55:00,382.5500,382.6000,382.5500,382.6000,8000,5498000,
BSOFT_F2,07/26/2023,14:56:00,381.9000,381.9000,381.9000,381.9000,22000,5498000,
BSOFT_F2,07/26/2023,14:57:00,382.0000,382.0500,382.0000,382.0500,34000,5528000,
BSOFT_F2,07/26/2023,14:58:00,382.0500,382.0500,382.0500,382.0500,2000,5528000,
BSOFT_F2,07/26/2023,14:59:00,382.0000,382.3500,382.0000,382.3500,14000,5528000,
BSOFT_F2,07/26/2023,15:00:00,383.0000,383.0000,383.0000,383.0000,4000,5528000,
BSOFT_F2,07/26/2023,15:01:00,383.2000,383.2000,382.7500,382.7500,14000,5536000,
BSOFT_F2,07/26/2023,15:02:00,382.1000,382.1000,381.7500,381.7500,24000,5536000,
BSOFT_F2,07/26/2023,15:03:00,382.3500,382.3500,382.3500,382.3500,8000,5536000,
BSOFT_F2,07/26/2023,15:04:00,382.0500,382.9000,382.0500,382.9000,12000,5562000,
BSOFT_F2,07/26/2023,15:05:00,382.0500,382.5000,381.8500,382.5000,24000,5562000,
BSOFT_F2,07/26/2023,15:06:00,382.5000,382.5000,382.5000,382.5000,2000,5562000,
BSOFT_F2,07/26/2023,15:07:00,382.5000,382.5000,382.0000,382.0000,10000,5586000,
BSOFT_F2,07/26/2023,15:08:00,382.0000,382.0000,382.0000,382.0000,10000,5586000,
BSOFT_F2,07/26/2023,15:09:00,381.6000,381.6000,381.6000,381.6000,6000,5586000,
BSOFT_F2,07/26/2023,15:10:00,381.7500,381.7500,381.7500,381.7500,6000,5600000,
BSOFT_F2,07/26/2023,15:11:00,382.0000,382.0000,381.5500,381.5500,22000,5600000,
BSOFT_F2,07/26/2023,15:12:00,381.8500,381.8500,381.6000,381.6000,6000,5614000,
BSOFT_F2,07/26/2023,15:13:00,381.6000,381.6000,381.5500,381.5500,16000,5614000,
BSOFT_F2,07/26/2023,15:14:00,381.3000,381.5000,381.3000,381.5000,4000,5614000,
BSOFT_F2,07/26/2023,15:15:00,381.3000,381.3000,381.3000,381.3000,2000,5614000,
BSOFT_F2,07/26/2023,15:16:00,381.5500,381.5500,381.5500,381.5500,4000,5618000,
BSOFT_F2,07/26/2023,15:17:00,381.4000,381.4000,381.4000,381.4000,2000,5618000,
BSOFT_F2,07/26/2023,15:18:00,381.7000,381.9500,381.7000,381.9500,22000,5630000,
BSOFT_F2,07/26/2023,15:19:00,382.1000,382.1000,382.1000,382.1000,28000,5630000,
BSOFT_F2,07/26/2023,15:20:00,382.8500,382.8500,382.2000,382.3000,32000,5630000,
BSOFT_F2,07/26/2023,15:21:00,382.3000,382.3500,382.3000,382.3500,20000,5678000,
BSOFT_F2,07/26/2023,15:22:00,382.0000,382.4000,382.0000,382.4000,8000,5678000,
BSOFT_F2,07/26/2023,15:23:00,382.5000,382.5000,382.5000,382.5000,4000,5678000,
BSOFT_F2,07/26/2023,15:24:00,382.4500,382.5000,382.4500,382.5000,14000,5678000,
BSOFT_F2,07/26/2023,15:25:00,382.5000,382.5000,382.3000,382.3000,6000,5686000,
BSOFT_F2,07/26/2023,15:26:00,382.3000,382.3000,382.1500,382.1500,6000,5686000,
BSOFT_F2,07/26/2023,15:27:00,382.1500,382.2500,382.1500,382.2500,8000,5686000,
BSOFT_F2,07/26/2023,15:28:00,381.8500,381.8500,381.8500,381.8500,12000,5682000,
BSOFT_F2,07/26/2023,15:29:00,381.7500,381.7500,381.4000,381.4000,16000,5682000,
BSOFT_F2,07/27/2023,09:15:00,383.4000,384.8000,383.3500,384.8000,6002,5644000,
BSOFT_F2,07/27/2023,09:16:00,385.0000,385.0000,384.4000,384.4000,32000,5644000,
BSOFT_F2,07/27/2023,09:17:00,385.5000,385.6000,385.5000,385.6000,34000,5644000,
BSOFT_F2,07/27/2023,09:18:00,384.4500,385.4500,384.4500,385.0000,46000,5674000,
BSOFT_F2,07/27/2023,09:19:00,385.6500,385.6500,385.0000,385.1000,24000,5674000,
BSOFT_F2,07/27/2023,09:20:00,384.9500,384.9500,384.9500,384.9500,4000,5674000,
BSOFT_F2,07/27/2023,09:21:00,384.9500,384.9500,384.9500,384.9500,10000,5712000,
BSOFT_F2,07/27/2023,09:22:00,385.0000,385.0000,384.5500,384.5500,16000,5712000,
BSOFT_F2,07/27/2023,09:24:00,384.5500,384.5500,384.3500,384.3500,16000,5720000,
BSOFT_F2,07/27/2023,09:25:00,384.3500,384.3500,384.3500,384.3500,34000,5720000,
BSOFT_F2,07/27/2023,09:26:00,384.5000,384.5000,383.9500,383.9500,24000,5734000,
BSOFT_F2,07/27/2023,09:27:00,384.3500,384.3500,384.3500,384.3500,36000,5734000,
BSOFT_F2,07/27/2023,09:28:00,384.7500,385.0000,384.7500,385.0000,38000,5734000,
BSOFT_F2,07/27/2023,09:29:00,384.6500,384.9500,384.6500,384.9500,16000,5734000,
BSOFT_F2,07/27/2023,09:30:00,385.2500,385.2500,385.2500,385.2500,2000,5752000,
BSOFT_F2,07/27/2023,09:31:00,385.0000,385.0000,384.6500,384.6500,16000,5752000,
BSOFT_F2,07/27/2023,09:32:00,384.5000,384.5000,384.5000,384.5000,8000,5752000,
BSOFT_F2,07/27/2023,09:33:00,384.5000,384.5000,384.1500,384.1500,20000,5732000,
BSOFT_F2,07/27/2023,09:34:00,384.7000,384.7000,384.7000,384.7000,6000,5732000,
BSOFT_F2,07/27/2023,09:35:00,385.1500,385.1500,385.1500,385.1500,22000,5732000,
BSOFT_F2,07/27/2023,09:36:00,385.0000,385.3000,385.0000,385.3000,34000,5752000,
BSOFT_F2,07/27/2023,09:37:00,384.9000,385.4000,384.9000,385.4000,12000,5752000,
BSOFT_F2,07/27/2023,09:39:00,385.4500,385.4500,385.4500,385.4500,4000,5774000,
BSOFT_F2,07/27/2023,09:40:00,385.0500,385.0500,385.0500,385.0500,4000,5774000,
BSOFT_F2,07/27/2023,09:41:00,385.4000,385.4000,385.4000,385.4000,8000,5774000,
BSOFT_F2,07/27/2023,09:42:00,385.3500,385.3500,385.3500,385.3500,8000,5774000,
BSOFT_F2,07/27/2023,09:43:00,384.9500,384.9500,384.9500,384.9500,4000,5774000,
BSOFT_F2,07/27/2023,09:44:00,385.4000,385.6000,385.4000,385.6000,14000,5774000,
BSOFT_F2,07/27/2023,09:45:00,385.9000,385.9000,385.9000,385.9000,16000,5780000,
BSOFT_F2,07/27/2023,09:46:00,385.9000,385.9000,385.6500,385.6500,6000,5780000,
BSOFT_F2,07/27/2023,09:47:00,385.9500,385.9500,385.9500,385.9500,2000,5780000,
BSOFT_F2,07/27/2023,09:48:00,386.0000,386.0000,386.0000,386.0000,4000,5780000,
BSOFT_F2,07/27/2023,09:49:00,386.1500,386.1500,385.6500,385.6500,24000,5788000,
BSOFT_F2,07/27/2023,09:50:00,385.6000,386.0500,385.6000,386.0500,12000,5788000,
BSOFT_F2,07/27/2023,09:51:00,385.7500,385.7500,385.7500,385.7500,2000,5800000,
BSOFT_F2,07/27/2023,09:53:00,386.0000,386.0000,385.8500,385.8500,6000,5800000,
BSOFT_F2,07/27/2023,09:54:00,385.6000,385.6000,385.6000,385.6000,2000,5808000,
BSOFT_F2,07/27/2023,09:55:00,385.0000,385.0000,385.0000,385.0000,14000,5808000,
BSOFT_F2,07/27/2023,09:56:00,385.4000,385.9000,384.8500,384.8500,56000,5808000,
BSOFT_F2,07/27/2023,09:57:00,385.1000,385.1000,385.1000,385.1000,10000,5804000,
BSOFT_F2,07/27/2023,09:58:00,385.5000,385.6500,385.5000,385.6500,6000,5804000,
BSOFT_F2,07/27/2023,09:59:00,385.5000,385.5000,385.5000,385.5000,2000,5804000,
BSOFT_F2,07/27/2023,10:00:00,385.4500,385.4500,385.4500,385.4500,14000,5814000,
BSOFT_F2,07/27/2023,10:01:00,385.2000,385.2000,385.2000,385.2000,2000,5814000,
BSOFT_F2,07/27/2023,10:02:00,385.4500,385.9500,385.4500,385.9500,18000,5814000,
BSOFT_F2,07/27/2023,10:03:00,385.5500,386.0000,385.5500,386.0000,28000,5814000,
BSOFT_F2,07/27/2023,10:04:00,386.7000,387.4000,386.7000,387.4000,82000,5814000,
BSOFT_F2,07/27/2023,10:05:00,388.5000,388.5000,387.9000,387.9000,220000,5814000,
BSOFT_F2,07/27/2023,10:06:00,387.7000,387.8500,387.4000,387.4500,28000,5860000,
BSOFT_F2,07/27/2023,10:08:00,387.4500,387.4500,387.0000,387.0000,16000,5860000,
BSOFT_F2,07/27/2023,10:09:00,387.0000,387.0000,387.0000,387.0000,2000,5874000,
BSOFT_F2,07/27/2023,10:10:00,387.0000,387.0000,386.6000,386.6000,14000,5874000,
BSOFT_F2,07/27/2023,10:11:00,387.1000,387.1000,386.6000,386.6000,6000,5874000,
BSOFT_F2,07/27/2023,10:12:00,387.0500,387.0500,387.0500,387.0500,10000,5880000,
BSOFT_F2,07/27/2023,10:13:00,386.7500,386.9500,386.7500,386.9500,6000,5880000,
BSOFT_F2,07/27/2023,10:14:00,387.2500,387.3000,387.2500,387.3000,10000,5880000,
BSOFT_F2,07/27/2023,10:15:00,387.0000,387.0000,387.0000,387.0000,8000,5884000,
BSOFT_F2,07/27/2023,10:16:00,387.1500,387.1500,387.1500,387.1500,2000,5884000,
BSOFT_F2,07/27/2023,10:17:00,387.4000,387.7000,387.4000,387.7000,10000,5884000,
BSOFT_F2,07/27/2023,10:18:00,387.7500,387.9500,387.7500,387.9500,8000,5888000,
BSOFT_F2,07/27/2023,10:19:00,387.9500,387.9500,387.2500,387.2500,10000,5888000,
BSOFT_F2,07/27/2023,10:20:00,387.5000,387.5000,387.1000,387.1000,12000,5888000,
BSOFT_F2,07/27/2023,10:21:00,386.9500,386.9500,386.8000,386.8000,6000,5908000,
BSOFT_F2,07/27/2023,10:22:00,387.1000,387.1000,387.1000,387.1000,8000,5908000,
BSOFT_F2,07/27/2023,10:23:00,386.6000,387.4500,386.6000,387.4500,10000,5908000,
BSOFT_F2,07/27/2023,10:24:00,386.8500,388.2000,386.8500,387.1500,62000,5912000,
BSOFT_F2,07/27/2023,10:25:00,387.8000,387.8000,387.1500,387.1500,10000,5912000,
BSOFT_F2,07/27/2023,10:26:00,387.1000,387.6000,387.1000,387.6000,4000,5912000,
BSOFT_F2,07/27/2023,10:27:00,386.9000,386.9000,386.9000,386.9000,14000,5954000,
BSOFT_F2,07/27/2023,10:28:00,386.6000,387.0000,386.6000,387.0000,6000,5954000,
BSOFT_F2,07/27/2023,10:29:00,386.5500,386.6000,385.9000,385.9000,18000,5954000,
BSOFT_F2,07/27/2023,10:30:00,385.7000,385.7000,385.5000,385.5000,14000,5962000,
BSOFT_F2,07/27/2023,10:31:00,385.8500,385.8500,385.7500,385.7500,8000,5962000,
BSOFT_F2,07/27/2023,10:32:00,385.9500,386.0000,385.7500,385.7500,8000,5962000,
BSOFT_F2,07/27/2023,10:33:00,385.8500,385.8500,385.8500,385.8500,2000,5974000,
BSOFT_F2,07/27/2023,10:34:00,385.7500,385.7500,385.7500,385.7500,4000,5974000,
BSOFT_F2,07/27/2023,10:35:00,385.5000,385.5500,385.5000,385.5500,14000,5974000,
BSOFT_F2,07/27/2023,10:36:00,385.2500,385.3000,385.2500,385.3000,8000,5988000,
BSOFT_F2,07/27/2023,10:37:00,385.6000,385.6000,385.6000,385.6000,16000,5988000,
BSOFT_F2,07/27/2023,10:38:00,385.5000,385.5000,385.5000,385.5000,4000,5988000,
BSOFT_F2,07/27/2023,10:39:00,385.9000,385.9000,385.8000,385.9000,16000,5986000,
BSOFT_F2,07/27/2023,10:40:00,386.2000,386.2000,386.2000,386.2000,4000,5986000,
BSOFT_F2,07/27/2023,10:41:00,385.8000,386.4500,385.8000,386.4500,4000,5986000,
BSOFT_F2,07/27/2023,10:42:00,385.8500,386.3000,385.8500,385.9000,6000,5998000,
BSOFT_F2,07/27/2023,10:43:00,386.1000,386.1000,385.8000,385.8000,16000,5998000,
BSOFT_F2,07/27/2023,10:44:00,385.6000,385.7000,385.5500,385.7000,6000,5998000,
BSOFT_F2,07/27/2023,10:45:00,385.6500,385.6500,385.6000,385.6000,4000,6010000,
BSOFT_F2,07/27/2023,10:46:00,385.5500,385.5500,385.5500,385.5500,4000,6010000,
BSOFT_F2,07/27/2023,10:47:00,385.3500,385.3500,385.3500,385.3500,8000,6010000,
BSOFT_F2,07/27/2023,10:48:00,385.5500,385.5500,385.3000,385.3000,8000,6020000,
BSOFT_F2,07/27/2023,10:49:00,385.8500,385.8500,385.5500,385.5500,12000,6020000,
BSOFT_F2,07/27/2023,10:50:00,385.5000,385.5000,385.4500,385.4500,6000,6020000,
BSOFT_F2,07/27/2023,10:51:00,385.2000,386.0500,385.2000,385.6000,30000,6028000,
BSOFT_F2,07/27/2023,10:52:00,385.7000,385.8000,385.7000,385.8000,16000,6028000,
BSOFT_F2,07/27/2023,10:53:00,385.4500,385.6000,385.4500,385.6000,4000,6028000,
BSOFT_F2,07/27/2023,10:54:00,385.6000,385.6000,385.6000,385.6000,2000,6048000,
BSOFT_F2,07/27/2023,10:55:00,385.4000,385.4000,385.3500,385.3500,10000,6048000,
BSOFT_F2,07/27/2023,10:56:00,385.5000,386.0000,385.5000,386.0000,14000,6048000,
BSOFT_F2,07/27/2023,10:57:00,385.5000,385.5000,385.3500,385.3500,10000,6058000,
BSOFT_F2,07/27/2023,10:58:00,385.5000,385.5000,385.5000,385.5000,4000,6058000,
BSOFT_F2,07/27/2023,10:59:00,385.3500,385.5000,385.3500,385.5000,12000,6058000,
BSOFT_F2,07/27/2023,11:00:00,385.4500,385.9000,385.4500,385.9000,10000,6068000,
BSOFT_F2,07/27/2023,11:01:00,385.4500,385.4500,385.4000,385.4000,6000,6068000,
BSOFT_F2,07/27/2023,11:02:00,385.3500,385.3500,385.0500,385.0500,36000,6068000,
BSOFT_F2,07/27/2023,11:03:00,385.3500,385.4000,385.3500,385.4000,6000,6096000,
BSOFT_F2,07/27/2023,11:04:00,385.6000,385.6000,385.5000,385.5000,12000,6096000,
BSOFT_F2,07/27/2023,11:05:00,386.0000,386.0000,385.4500,385.4500,24000,6096000,
BSOFT_F2,07/27/2023,11:06:00,385.9000,386.0000,385.9000,386.0000,10000,6106000,
BSOFT_F2,07/27/2023,11:07:00,385.7500,385.7500,385.7500,385.7500,4000,6106000,
BSOFT_F2,07/27/2023,11:08:00,385.6000,385.8000,385.6000,385.7500,10000,6106000,
BSOFT_F2,07/27/2023,11:09:00,386.0000,386.0000,385.4500,385.4500,10000,6114000,
BSOFT_F2,07/27/2023,11:10:00,385.3000,385.5000,385.3000,385.4000,14000,6114000,
BSOFT_F2,07/27/2023,11:11:00,385.5000,385.5000,385.4000,385.4000,24000,6114000,
BSOFT_F2,07/27/2023,11:12:00,385.4000,385.4000,385.1500,385.1500,6000,6146000,
BSOFT_F2,07/27/2023,11:13:00,385.1000,385.1000,385.0000,385.0000,8000,6146000,
BSOFT_F2,07/27/2023,11:14:00,385.0000,385.0000,385.0000,385.0000,8000,6146000,
BSOFT_F2,07/27/2023,11:15:00,385.3000,385.3000,385.3000,385.3000,6000,6146000,
BSOFT_F2,07/27/2023,11:16:00,385.4500,385.4500,385.3000,385.3000,14000,6162000,
BSOFT_F2,07/27/2023,11:17:00,385.2500,385.2500,385.2500,385.2500,8000,6162000,
BSOFT_F2,07/27/2023,11:18:00,385.2500,385.2500,385.2500,385.2500,10000,6174000,
BSOFT_F2,07/27/2023,11:19:00,385.5000,385.5000,385.5000,385.5000,8000,6174000,
BSOFT_F2,07/27/2023,11:20:00,385.6000,385.6000,385.0000,385.0000,6000,6174000,
BSOFT_F2,07/27/2023,11:21:00,385.2000,385.2000,385.0000,385.0000,6000,6184000,
BSOFT_F2,07/27/2023,11:22:00,385.2500,385.2500,385.0500,385.0500,12000,6184000,
BSOFT_F2,07/27/2023,11:23:00,385.0000,385.1000,385.0000,385.1000,12000,6184000,
BSOFT_F2,07/27/2023,11:24:00,385.2500,385.2500,384.9000,384.9000,20000,6196000,
BSOFT_F2,07/27/2023,11:25:00,385.1500,385.1500,385.0500,385.0500,14000,6196000,
BSOFT_F2,07/27/2023,11:26:00,385.1000,385.1000,385.0500,385.0500,14000,6196000,
BSOFT_F2,07/27/2023,11:27:00,385.0500,385.1000,385.0500,385.0500,6000,6210000,
BSOFT_F2,07/27/2023,11:28:00,385.0000,385.0500,385.0000,385.0500,108000,6210000,
BSOFT_F2,07/27/2023,11:29:00,385.1000,385.1000,385.1000,385.1000,8000,6210000,
BSOFT_F2,07/27/2023,11:30:00,384.8500,385.1500,384.8500,385.1500,22000,6246000,
BSOFT_F2,07/27/2023,11:31:00,385.1500,385.1500,385.1500,385.1500,4000,6246000,
BSOFT_F2,07/27/2023,11:32:00,384.8500,385.1000,384.8500,385.1000,26000,6246000,
BSOFT_F2,07/27/2023,11:33:00,385.0500,385.0500,384.7000,384.7000,38000,6272000,
BSOFT_F2,07/27/2023,11:34:00,385.2000,385.2000,384.8000,384.8000,8000,6272000,
BSOFT_F2,07/27/2023,11:35:00,385.2500,385.2500,385.2500,385.2500,6000,6272000,
BSOFT_F2,07/27/2023,11:36:00,385.2500,385.2500,385.2000,385.2000,4000,6292000,
BSOFT_F2,07/27/2023,11:37:00,385.6000,385.6000,385.6000,385.6000,6000,6292000,
BSOFT_F2,07/27/2023,11:38:00,386.5000,386.7000,386.5000,386.7000,32000,6292000,
BSOFT_F2,07/27/2023,11:39:00,387.1500,387.1500,387.1500,387.1500,22000,6284000,
BSOFT_F2,07/27/2023,11:40:00,387.4500,387.4500,387.1500,387.1500,4000,6284000,
BSOFT_F2,07/27/2023,11:41:00,387.5000,387.5000,387.5000,387.5000,2000,6284000,
BSOFT_F2,07/27/2023,11:42:00,387.3000,387.3000,387.2000,387.2000,6000,6292000,
BSOFT_F2,07/27/2023,11:43:00,387.2000,387.3000,387.2000,387.3000,6000,6292000,
BSOFT_F2,07/27/2023,11:44:00,386.9500,387.2500,386.9500,387.2500,6000,6292000,
BSOFT_F2,07/27/2023,11:45:00,387.6000,387.6000,387.6000,387.6000,4000,6292000,
BSOFT_F2,07/27/2023,11:46:00,387.9500,387.9500,387.5500,387.5500,16000,6294000,
BSOFT_F2,07/27/2023,11:47:00,387.8500,387.9000,387.8500,387.9000,12000,6294000,
BSOFT_F2,07/27/2023,11:48:00,387.6500,387.6500,387.1000,387.1000,22000,6302000,
BSOFT_F2,07/27/2023,11:49:00,387.0500,387.0500,386.5500,386.5500,32000,6302000,
BSOFT_F2,07/27/2023,11:50:00,386.4500,386.4500,386.4500,386.4500,24000,6302000,
BSOFT_F2,07/27/2023,11:51:00,386.4500,386.4500,386.0500,386.0500,66000,6362000,
BSOFT_F2,07/27/2023,11:52:00,385.9000,386.2000,385.2000,385.2000,36000,6362000,
BSOFT_F2,07/27/2023,11:53:00,385.2000,385.3500,385.2000,385.3500,30000,6362000,
BSOFT_F2,07/27/2023,11:54:00,385.4500,385.7500,385.4500,385.5500,48000,6422000,
BSOFT_F2,07/27/2023,11:55:00,385.3500,385.8500,385.3500,385.8500,10000,6422000,
BSOFT_F2,07/27/2023,11:56:00,385.6000,385.6000,385.6000,385.6000,2000,6422000,
BSOFT_F2,07/27/2023,11:58:00,385.8500,386.0500,385.8500,386.0000,8000,6446000,
BSOFT_F2,07/27/2023,11:59:00,386.0000,386.0000,385.9000,385.9000,8000,6446000,
BSOFT_F2,07/27/2023,12:01:00,385.7500,386.1500,385.7500,386.1500,10000,6444000,
BSOFT_F2,07/27/2023,12:03:00,386.2500,386.2500,385.9500,385.9500,12000,6396000,
BSOFT_F2,07/27/2023,12:04:00,386.2500,386.2500,386.2500,386.2500,2000,6396000,
BSOFT_F2,07/27/2023,12:05:00,386.8000,386.8000,386.8000,386.8000,8000,6396000,
BSOFT_F2,07/27/2023,12:06:00,387.0000,387.0000,387.0000,387.0000,2000,6392000,
BSOFT_F2,07/27/2023,12:07:00,387.0000,387.0000,386.6000,386.6000,4000,6392000,
BSOFT_F2,07/27/2023,12:09:00,386.9500,386.9500,386.9500,386.9500,4000,6398000,
BSOFT_F2,07/27/2023,12:10:00,387.4500,387.4500,387.4500,387.4500,2000,6398000,
BSOFT_F2,07/27/2023,12:11:00,387.1000,387.1000,387.0500,387.0500,6000,6398000,
BSOFT_F2,07/27/2023,12:12:00,387.2000,387.2000,387.1000,387.1000,8000,6400000,
BSOFT_F2,07/27/2023,12:13:00,387.1500,387.6000,387.1500,387.6000,16000,6400000,
BSOFT_F2,07/27/2023,12:15:00,387.6000,387.6000,387.0500,387.0500,12000,6412000,
BSOFT_F2,07/27/2023,12:16:00,387.2000,387.2000,387.2000,387.2000,4000,6412000,
BSOFT_F2,07/27/2023,12:17:00,387.4500,387.5500,387.4500,387.5500,4000,6412000,
BSOFT_F2,07/27/2023,12:18:00,387.4000,387.4000,387.4000,387.4000,2000,6412000,
BSOFT_F2,07/27/2023,12:20:00,387.3500,387.3500,387.3500,387.3500,6000,6410000,
BSOFT_F2,07/27/2023,12:21:00,387.4500,387.4500,387.3500,387.3500,8000,6410000,
BSOFT_F2,07/27/2023,12:22:00,387.3000,387.5500,387.3000,387.5500,8000,6410000,
BSOFT_F2,07/27/2023,12:23:00,387.6500,387.6500,387.6500,387.6500,2000,6410000,
BSOFT_F2,07/27/2023,12:24:00,387.3000,387.3000,387.3000,387.3000,2000,6410000,
BSOFT_F2,07/27/2023,12:25:00,387.5000,387.5000,387.5000,387.5000,4000,6418000,
BSOFT_F2,07/27/2023,12:26:00,387.2500,387.2500,387.2500,387.2500,4000,6418000,
BSOFT_F2,07/27/2023,12:27:00,387.5000,387.5000,387.5000,387.5000,2000,6418000,
BSOFT_F2,07/27/2023,12:28:00,387.2500,387.2500,387.2500,387.2500,2000,6422000,
BSOFT_F2,07/27/2023,12:29:00,387.2500,387.2500,387.2500,387.2500,4000,6422000,
BSOFT_F2,07/27/2023,12:30:00,387.4500,387.4500,387.2500,387.2500,6000,6420000,
BSOFT_F2,07/27/2023,12:31:00,387.1500,387.1500,387.1500,387.1500,6000,6420000,
BSOFT_F2,07/27/2023,12:32:00,386.9000,386.9000,386.7000,386.7000,20000,6420000,
BSOFT_F2,07/27/2023,12:33:00,387.0500,387.0500,387.0500,387.0500,4000,6420000,
BSOFT_F2,07/27/2023,12:34:00,386.7000,386.7000,386.7000,386.7000,6000,6420000,
BSOFT_F2,07/27/2023,12:37:00,386.4000,386.4000,385.3500,385.3500,52000,6418000,
BSOFT_F2,07/27/2023,12:38:00,386.5500,386.5500,386.5500,386.5500,4000,6418000,
BSOFT_F2,07/27/2023,12:39:00,386.4000,386.4000,386.4000,386.4000,2000,6418000,
BSOFT_F2,07/27/2023,12:40:00,386.4000,386.5500,386.4000,386.5500,12000,6406000,
BSOFT_F2,07/27/2023,12:41:00,386.2000,386.2000,386.2000,386.2000,6000,6406000,
BSOFT_F2,07/27/2023,12:42:00,386.4000,386.4000,386.4000,386.4000,6000,6406000,
BSOFT_F2,07/27/2023,12:43:00,386.4000,386.7000,386.4000,386.7000,6000,6228000,
BSOFT_F2,07/27/2023,12:44:00,386.6000,387.1000,386.6000,387.0000,8000,6228000,
BSOFT_F2,07/27/2023,12:45:00,386.9000,386.9000,386.9000,386.9000,4000,6228000,
BSOFT_F2,07/27/2023,12:46:00,387.2500,387.2500,387.2500,387.2500,6000,6230000,
BSOFT_F2,07/27/2023,12:47:00,387.2500,387.2500,386.9500,386.9500,12000,6230000,
BSOFT_F2,07/27/2023,12:48:00,387.5000,387.7500,387.5000,387.7500,12000,6150000,
BSOFT_F2,07/27/2023,12:49:00,388.1000,388.2500,388.1000,388.2500,20000,6150000,
BSOFT_F2,07/27/2023,12:50:00,387.8000,387.9500,387.8000,387.9500,4000,6150000,
BSOFT_F2,07/27/2023,12:51:00,388.5500,388.8000,388.5500,388.8000,18000,6158000,
BSOFT_F2,07/27/2023,12:52:00,388.6000,388.9500,388.6000,388.9500,24000,6158000,
BSOFT_F2,07/27/2023,12:53:00,388.8000,388.8000,388.8000,388.8000,16000,6158000,
BSOFT_F2,07/27/2023,12:54:00,388.9000,388.9000,388.9000,388.9000,6000,6158000,
BSOFT_F2,07/27/2023,12:55:00,388.9000,389.5000,388.9000,389.5000,20000,6158000,
BSOFT_F2,07/27/2023,12:56:00,389.7000,389.7000,389.2500,389.5000,18000,6158000,
BSOFT_F2,07/27/2023,12:57:00,389.2000,389.3500,388.8500,389.1000,30000,6180000,
BSOFT_F2,07/27/2023,12:58:00,388.6500,389.1500,388.6500,388.7000,24000,6180000,
BSOFT_F2,07/27/2023,12:59:00,388.5500,388.5500,388.5500,388.5500,12000,6180000,
BSOFT_F2,07/27/2023,13:00:00,388.4000,388.6500,388.4000,388.6500,6000,6208000,
BSOFT_F2,07/27/2023,13:01:00,388.4000,388.4000,388.4000,388.4000,2000,6208000,
BSOFT_F2,07/27/2023,13:02:00,388.3000,388.3000,387.1000,387.1000,62000,6208000,
BSOFT_F2,07/27/2023,13:03:00,387.4500,387.8000,386.9500,387.8000,76000,6176000,
BSOFT_F2,07/27/2023,13:04:00,388.0500,388.0500,388.0500,388.0500,2000,6176000,
BSOFT_F2,07/27/2023,13:05:00,387.9500,387.9500,387.6500,387.6500,12000,6176000,
BSOFT_F2,07/27/2023,13:07:00,387.9000,387.9000,387.9000,387.9000,2000,6176000,
BSOFT_F2,07/27/2023,13:08:00,388.6000,388.6000,388.4000,388.4000,16000,6176000,
BSOFT_F2,07/27/2023,13:09:00,388.6500,388.6500,388.6500,388.6500,12000,6176000,
BSOFT_F2,07/27/2023,13:10:00,391.8500,393.0500,389.0000,389.5000,306000,6174000,
BSOFT_F2,07/27/2023,13:11:00,390.0000,395.0000,390.0000,394.2500,754000,6174000,
BSOFT_F2,07/27/2023,13:12:00,393.5500,393.5500,389.8000,390.8500,168000,6620000,
BSOFT_F2,07/27/2023,13:13:00,391.1500,416.0000,391.1500,405.9500,1234000,6620000,
BSOFT_F2,07/27/2023,13:14:00,406.1000,407.4500,402.1000,406.1000,872000,6620000,
BSOFT_F2,07/27/2023,13:15:00,405.5500,407.6500,403.8000,405.6500,436000,7246000,
BSOFT_F2,07/27/2023,13:16:00,405.0000,407.0000,403.6500,406.0000,162000,7246000,
BSOFT_F2,07/27/2023,13:17:00,405.2000,406.0000,402.7500,405.2500,348000,7246000,
BSOFT_F2,07/27/2023,13:18:00,405.5500,414.5500,405.5500,413.7500,812000,7498000,
BSOFT_F2,07/27/2023,13:19:00,413.5500,413.8500,410.8000,413.2000,454000,7498000,
BSOFT_F2,07/27/2023,13:20:00,413.6000,413.6000,409.9500,410.2000,328000,7498000,
BSOFT_F2,07/27/2023,13:21:00,410.5500,411.2500,408.8500,409.6000,246000,7822000,
BSOFT_F2,07/27/2023,13:22:00,409.8000,411.3500,407.8000,409.7500,308000,7822000,
BSOFT_F2,07/27/2023,13:23:00,409.7500,410.8000,409.4500,409.4500,114000,7822000,
BSOFT_F2,07/27/2023,13:24:00,409.0500,410.7500,408.9000,409.5000,92000,7858000,
BSOFT_F2,07/27/2023,13:25:00,410.0000,411.3500,409.4500,409.9500,84000,7858000,
BSOFT_F2,07/27/2023,13:26:00,409.5500,415.3000,409.5500,415.0000,466000,7858000,
BSOFT_F2,07/27/2023,13:27:00,415.0000,415.5000,413.6500,414.0500,190000,7966000,
BSOFT_F2,07/27/2023,13:28:00,414.0000,415.1000,413.0000,413.0000,142000,7966000,
BSOFT_F2,07/27/2023,13:29:00,412.7500,412.7500,410.7500,411.6000,202000,7966000,
BSOFT_F2,07/27/2023,13:30:00,411.1500,411.5500,410.0000,411.3000,308000,7920000,
BSOFT_F2,07/27/2023,13:31:00,410.6500,411.9500,410.5000,411.2500,54000,7920000,
BSOFT_F2,07/27/2023,13:32:00,410.4000,411.4000,409.5500,409.5500,86000,7920000,
BSOFT_F2,07/27/2023,13:33:00,409.2500,409.5000,407.0000,407.9000,172000,7900000,
BSOFT_F2,07/27/2023,13:34:00,407.9000,408.7000,407.0500,408.7000,90000,7900000,
BSOFT_F2,07/27/2023,13:35:00,408.2500,408.8500,408.1500,408.8000,42000,7900000,
BSOFT_F2,07/27/2023,13:36:00,407.7500,407.7500,407.4000,407.4000,72000,7962000,
BSOFT_F2,07/27/2023,13:37:00,408.5000,408.7500,408.4000,408.7500,180000,7962000,
BSOFT_F2,07/27/2023,13:38:00,408.6500,410.1500,408.6500,409.0500,120000,7962000,
BSOFT_F2,07/27/2023,13:39:00,409.4000,411.1500,408.0000,411.1500,264000,8102000,
BSOFT_F2,07/27/2023,13:40:00,411.1000,412.8500,409.4500,409.4500,262000,8102000,
BSOFT_F2,07/27/2023,13:41:00,409.5000,410.4000,409.3500,409.3500,36000,8102000,
BSOFT_F2,07/27/2023,13:42:00,409.3000,411.4500,409.3000,411.4000,78000,8286000,
BSOFT_F2,07/27/2023,13:43:00,411.0000,411.3000,410.8000,411.0000,22000,8286000,
BSOFT_F2,07/27/2023,13:44:00,411.2500,414.2000,411.2500,414.2000,204000,8286000,
BSOFT_F2,07/27/2023,13:45:00,414.2500,415.2000,413.8500,414.5000,212000,8526000,
BSOFT_F2,07/27/2023,13:46:00,414.3500,415.2000,414.0000,415.2000,120000,8526000,
BSOFT_F2,07/27/2023,13:47:00,415.1000,415.8500,414.3000,414.9500,202000,8526000,
BSOFT_F2,07/27/2023,13:48:00,414.9000,415.3500,414.5000,415.3500,122000,8552000,
BSOFT_F2,07/27/2023,13:49:00,414.8000,415.5000,413.2500,413.2500,158000,8552000,
BSOFT_F2,07/27/2023,13:50:00,413.0000,413.2500,412.1000,412.5500,94000,8552000,
BSOFT_F2,07/27/2023,13:51:00,412.3500,414.4500,412.0500,413.5000,174000,8648000,
BSOFT_F2,07/27/2023,13:52:00,414.1500,414.1500,412.6500,412.6500,16000,8648000,
BSOFT_F2,07/27/2023,13:53:00,412.5000,412.9500,412.5000,412.6000,18000,8648000,
BSOFT_F2,07/27/2023,13:54:00,412.4000,413.0500,411.5000,413.0500,62000,8556000,
BSOFT_F2,07/27/2023,13:55:00,413.0500,413.2000,411.6000,411.6500,64000,8556000,
BSOFT_F2,07/27/2023,13:56:00,411.6500,413.3000,411.6500,412.6500,56000,8556000,
BSOFT_F2,07/27/2023,13:57:00,412.7500,412.7500,412.0500,412.3000,30000,8544000,
BSOFT_F2,07/27/2023,13:58:00,412.4500,412.8000,412.1500,412.6500,42000,8544000,
BSOFT_F2,07/27/2023,13:59:00,413.4000,413.4000,412.7500,412.7500,28000,8544000,
BSOFT_F2,07/27/2023,14:00:00,412.8500,412.8500,411.0000,411.1000,70000,8584000,
BSOFT_F2,07/27/2023,14:01:00,410.5000,411.6500,410.5000,411.6500,54000,8584000,
BSOFT_F2,07/27/2023,14:02:00,411.6500,411.6500,410.6000,410.6000,24000,8584000,
BSOFT_F2,07/27/2023,14:03:00,410.6000,411.1000,410.6000,411.1000,20000,8554000,
BSOFT_F2,07/27/2023,14:04:00,410.9000,410.9000,410.5500,410.5500,18000,8554000,
BSOFT_F2,07/27/2023,14:05:00,410.0000,410.0000,408.8000,408.8000,168000,8554000,
BSOFT_F2,07/27/2023,14:06:00,408.8000,409.2500,408.5000,409.1000,64000,8570000,
BSOFT_F2,07/27/2023,14:07:00,408.9000,410.8000,408.9000,409.7500,68000,8570000,
BSOFT_F2,07/27/2023,14:08:00,409.5000,409.5500,408.8000,409.0000,30000,8570000,
BSOFT_F2,07/27/2023,14:09:00,408.9000,409.0000,408.4000,409.0000,30000,8432000,
BSOFT_F2,07/27/2023,14:10:00,409.3500,409.8000,408.8500,409.0500,18000,8432000,
BSOFT_F2,07/27/2023,14:11:00,408.7500,409.0000,408.7500,409.0000,40000,8432000,
BSOFT_F2,07/27/2023,14:12:00,409.2000,409.2000,408.6500,409.1000,34000,8466000,
BSOFT_F2,07/27/2023,14:13:00,408.9500,408.9500,408.7500,408.8500,116000,8466000,
BSOFT_F2,07/27/2023,14:14:00,408.9500,409.8500,408.5000,408.5000,132000,8466000,
BSOFT_F2,07/27/2023,14:15:00,408.5000,408.6500,407.2500,407.6500,106000,8536000,
BSOFT_F2,07/27/2023,14:16:00,407.3000,407.7500,407.0000,407.2500,128000,8536000,
BSOFT_F2,07/27/2023,14:17:00,407.0000,407.3500,406.5000,406.7000,48000,8536000,
BSOFT_F2,07/27/2023,14:18:00,406.8000,407.0000,405.9500,405.9500,40000,8634000,
BSOFT_F2,07/27/2023,14:19:00,406.4500,406.8000,406.4000,406.4500,34000,8634000,
BSOFT_F2,07/27/2023,14:20:00,407.0500,407.1500,407.0500,407.1500,30000,8634000,
BSOFT_F2,07/27/2023,14:21:00,407.1000,407.2500,407.1000,407.2500,26000,8634000,
BSOFT_F2,07/27/2023,14:22:00,407.5000,407.5500,407.5000,407.5500,110000,8680000,
BSOFT_F2,07/27/2023,14:23:00,407.3500,407.3500,407.3500,407.3500,12000,8680000,
BSOFT_F2,07/27/2023,14:24:00,407.7000,407.7000,407.2000,407.5000,40000,8752000,
BSOFT_F2,07/27/2023,14:25:00,407.5500,407.5500,407.1000,407.1000,82000,8752000,
BSOFT_F2,07/27/2023,14:26:00,407.2000,407.2000,406.8500,406.8500,10000,8752000,
BSOFT_F2,07/27/2023,14:27:00,406.4000,406.9500,406.4000,406.9500,40000,8798000,
BSOFT_F2,07/27/2023,14:28:00,406.9500,407.7000,406.1000,406.1000,84000,8798000,
BSOFT_F2,07/27/2023,14:29:00,406.1500,406.9000,406.1500,406.5000,18000,8798000,
BSOFT_F2,07/27/2023,14:30:00,406.9000,407.0000,406.5000,406.5000,20000,8798000,
BSOFT_F2,07/27/2023,14:31:00,406.2500,406.2500,405.8000,406.0000,42000,8782000,
BSOFT_F2,07/27/2023,14:32:00,405.5000,405.5000,404.9500,405.3000,200000,8782000,
BSOFT_F2,07/27/2023,14:33:00,405.5000,405.7000,405.0500,405.0500,40000,8782000,
BSOFT_F2,07/27/2023,14:34:00,404.5500,405.0500,404.5500,405.0500,26000,8734000,
BSOFT_F2,07/27/2023,14:35:00,405.1500,405.4500,404.9500,405.0000,26000,8734000,
BSOFT_F2,07/27/2023,14:36:00,404.8000,405.2000,404.8000,405.2000,14000,8736000,
BSOFT_F2,07/27/2023,14:37:00,405.2000,405.2000,404.6500,404.6500,24000,8736000,
BSOFT_F2,07/27/2023,14:38:00,404.5000,404.5000,404.2000,404.2000,100000,8736000,
BSOFT_F2,07/27/2023,14:39:00,404.4000,404.4500,403.8000,404.0000,64000,8694000,
BSOFT_F2,07/27/2023,14:40:00,404.0000,404.2500,403.6000,403.7000,64000,8694000,
BSOFT_F2,07/27/2023,14:41:00,403.7000,404.2000,403.7000,404.2000,60000,8694000,
BSOFT_F2,07/27/2023,14:42:00,403.9000,403.9000,403.8500,403.8500,46000,8694000,
BSOFT_F2,07/27/2023,14:43:00,403.9500,403.9500,401.6000,401.8500,338000,8710000,
BSOFT_F2,07/27/2023,14:44:00,401.9500,402.5500,401.9500,402.5500,48000,8710000,
BSOFT_F2,07/27/2023,14:45:00,402.2500,403.1000,400.8000,401.0000,148000,8858000,
BSOFT_F2,07/27/2023,14:46:00,401.2500,402.0000,401.0500,401.8000,44000,8858000,
BSOFT_F2,07/27/2023,14:47:00,402.3500,403.7000,402.3500,403.7000,44000,8858000,
BSOFT_F2,07/27/2023,14:48:00,403.3500,404.2000,402.8000,404.2000,42000,8912000,
BSOFT_F2,07/27/2023,14:49:00,404.0000,405.0000,403.8000,404.5500,50000,8912000,
BSOFT_F2,07/27/2023,14:50:00,403.9500,404.6500,403.9500,404.6500,174000,8912000,
BSOFT_F2,07/27/2023,14:51:00,404.1000,404.8000,403.7500,403.9500,48000,8912000,
BSOFT_F2,07/27/2023,14:52:00,403.6500,405.0000,403.5000,404.5000,56000,8956000,
BSOFT_F2,07/27/2023,14:53:00,404.4000,404.4000,404.3000,404.3000,100000,8956000,
BSOFT_F2,07/27/2023,14:54:00,404.0000,404.0000,403.7000,403.7000,50000,8946000,
BSOFT_F2,07/27/2023,14:55:00,404.0000,404.3000,403.5000,404.3000,32000,8946000,
BSOFT_F2,07/27/2023,14:56:00,404.5000,404.9500,404.5000,404.9500,22000,8946000,
BSOFT_F2,07/27/2023,14:57:00,405.0500,405.1500,405.0500,405.1500,44000,8946000,
BSOFT_F2,07/27/2023,14:58:00,405.2000,405.2000,405.2000,405.2000,24000,8964000,
BSOFT_F2,07/27/2023,14:59:00,404.6500,404.6500,404.6500,404.6500,34000,8964000,
BSOFT_F2,07/27/2023,15:00:00,405.2000,406.9000,405.2000,406.9000,88000,8966000,
BSOFT_F2,07/27/2023,15:01:00,406.9500,407.4500,406.0000,407.4500,104000,8966000,
BSOFT_F2,07/27/2023,15:02:00,407.5000,408.8000,406.9500,408.2500,204000,8966000,
BSOFT_F2,07/27/2023,15:03:00,407.6000,408.2500,407.5500,408.0500,38000,8586000,
BSOFT_F2,07/27/2023,15:04:00,408.0500,408.5500,407.5500,407.5500,46000,8586000,
BSOFT_F2,07/27/2023,15:05:00,407.2000,407.2000,406.6500,406.6500,30000,8586000,
BSOFT_F2,07/27/2023,15:06:00,406.5500,406.5500,405.6500,405.8500,102000,8616000,
BSOFT_F2,07/27/2023,15:07:00,406.3000,406.3000,404.7500,404.9500,36000,8616000,
BSOFT_F2,07/27/2023,15:08:00,405.0000,405.9000,405.0000,405.9000,66000,8616000,
BSOFT_F2,07/27/2023,15:09:00,405.7500,406.4500,405.5500,406.3000,36000,8644000,
BSOFT_F2,07/27/2023,15:10:00,406.8000,406.8000,406.1000,406.3500,30000,8644000,
BSOFT_F2,07/27/2023,15:11:00,406.1500,406.6500,405.7500,405.9500,60000,8644000,
BSOFT_F2,07/27/2023,15:12:00,406.0000,406.6500,406.0000,406.3000,20000,8656000,
BSOFT_F2,07/27/2023,15:13:00,406.1000,406.2000,406.0000,406.2000,86000,8656000,
BSOFT_F2,07/27/2023,15:14:00,406.6000,406.6000,405.3500,405.6500,54000,8656000,
BSOFT_F2,07/27/2023,15:15:00,405.6500,406.4000,404.6500,406.2000,110000,8658000,
BSOFT_F2,07/27/2023,15:16:00,406.0500,406.5000,405.8000,405.8000,102000,8658000,
BSOFT_F2,07/27/2023,15:17:00,406.3500,406.5000,406.2500,406.5000,74000,8658000,
BSOFT_F2,07/27/2023,15:18:00,406.7500,406.7500,406.1500,406.3500,78000,8698000,
BSOFT_F2,07/27/2023,15:19:00,406.3500,406.5000,406.0000,406.1000,48000,8698000,
BSOFT_F2,07/27/2023,15:20:00,405.9500,406.6000,405.7500,405.9000,70000,8698000,
BSOFT_F2,07/27/2023,15:21:00,405.8500,406.3500,405.8000,406.0500,46000,8740000,
BSOFT_F2,07/27/2023,15:22:00,406.0000,407.4000,406.0000,406.6500,166000,8740000,
BSOFT_F2,07/27/2023,15:23:00,406.8000,406.8000,406.4000,406.4000,34000,8740000,
BSOFT_F2,07/27/2023,15:24:00,406.4000,407.0000,406.3500,406.7000,68000,8836000,
BSOFT_F2,07/27/2023,15:25:00,406.6000,406.8500,406.4000,406.6500,42000,8836000,
BSOFT_F2,07/27/2023,15:26:00,406.6000,406.9000,406.2000,406.8500,72000,8836000,
BSOFT_F2,07/27/2023,15:27:00,406.8000,408.5000,406.8000,407.5000,302000,8810000,
BSOFT_F2,07/27/2023,15:28:00,407.2000,407.6500,406.7000,407.1000,104000,8810000,
BSOFT_F2,07/27/2023,15:29:00,406.6500,408.9500,406.6500,408.7000,176000,8810000,
BSOFT_F2,07/28/2023,09:15:00,410.9000,410.9000,408.1500,408.1500,12001,160000,
BSOFT_F2,07/28/2023,09:16:00,407.5500,407.5500,407.5500,407.5500,2000,160000,
BSOFT_F2,07/28/2023,09:17:00,407.0000,407.0000,407.0000,407.0000,6000,160000,
BSOFT_F2,07/28/2023,09:19:00,412.0000,412.0000,412.0000,412.0000,2000,160000,
BSOFT_F2,07/28/2023,09:24:00,412.7000,412.7000,412.7000,412.7000,6000,162000,
BSOFT_F2,07/28/2023,09:25:00,413.4000,413.6500,413.4000,413.6500,6000,162000,
BSOFT_F2,07/28/2023,09:26:00,414.6000,414.6000,414.6000,414.6000,2000,162000,
BSOFT_F2,07/28/2023,09:27:00,415.9000,415.9000,415.9000,415.9000,4000,166000,
BSOFT_F2,07/28/2023,09:29:00,417.5500,419.7000,417.5500,419.7000,6000,166000,
BSOFT_F2,07/28/2023,09:30:00,420.0000,421.8500,420.0000,421.8500,10000,166000,
BSOFT_F2,07/28/2023,09:31:00,421.9000,425.0000,421.9000,425.0000,10000,166000,
BSOFT_F2,07/28/2023,09:32:00,425.0000,425.3000,423.0000,425.3000,14000,172000,
BSOFT_F2,07/28/2023,09:33:00,425.9000,425.9000,425.0000,425.1000,12000,172000,
BSOFT_F2,07/28/2023,09:34:00,426.7500,426.7500,425.1500,425.1500,12000,172000,
BSOFT_F2,07/28/2023,09:35:00,424.0500,424.0500,424.0500,424.0500,2000,182000,
BSOFT_F2,07/28/2023,09:36:00,425.0500,425.5000,425.0500,425.5000,6000,182000,
BSOFT_F2,07/28/2023,09:39:00,425.4500,426.8500,425.4500,426.8500,4000,184000,
BSOFT_F2,07/28/2023,09:40:00,426.8500,426.8500,426.3500,426.3500,4000,184000,
BSOFT_F2,07/28/2023,09:41:00,426.4500,426.4500,426.4500,426.4500,2000,184000,
BSOFT_F2,07/28/2023,09:43:00,429.1000,429.1000,429.1000,429.1000,2000,190000,
BSOFT_F2,07/28/2023,09:45:00,430.6500,430.6500,430.6500,430.6500,4000,190000,
BSOFT_F2,07/28/2023,09:46:00,430.6500,430.6500,428.4000,428.4000,6000,190000,
BSOFT_F2,07/28/2023,09:47:00,428.3500,428.7000,428.3500,428.7000,4000,196000,
BSOFT_F2,07/28/2023,09:49:00,428.8000,428.8000,428.8000,428.8000,2000,196000,
BSOFT_F2,07/28/2023,09:50:00,428.4500,429.4000,428.4500,429.4000,8000,198000,
BSOFT_F2,07/28/2023,09:51:00,428.3000,428.3000,428.3000,428.3000,4000,198000,
BSOFT_F2,07/28/2023,09:53:00,427.4000,427.4000,427.2000,427.2000,8000,198000,
BSOFT_F2,07/28/2023,09:54:00,426.1500,426.1500,424.9500,424.9500,4000,198000,
BSOFT_F2,07/28/2023,09:55:00,425.8500,425.8500,425.8500,425.8500,2000,198000,
BSOFT_F2,07/28/2023,10:04:00,426.8500,426.8500,426.8500,426.8500,2000,198000,
BSOFT_F2,07/28/2023,10:07:00,424.3500,424.3500,423.8500,423.8500,4000,200000,
BSOFT_F2,07/28/2023,10:09:00,424.5500,424.5500,424.5500,424.5500,2000,202000,
BSOFT_F2,07/28/2023,10:13:00,424.5500,424.5500,424.5500,424.5500,2000,204000,
BSOFT_F2,07/28/2023,10:14:00,423.7000,423.7000,423.7000,423.7000,2000,204000,
BSOFT_F2,07/28/2023,10:18:00,425.9000,425.9000,425.9000,425.9000,2000,202000,
BSOFT_F2,07/28/2023,10:21:00,423.5000,423.5000,423.5000,423.5000,2000,204000,
BSOFT_F2,07/28/2023,10:26:00,421.5000,421.5000,421.5000,421.5000,2000,206000,
BSOFT_F2,07/28/2023,10:28:00,422.7500,422.7500,422.7500,422.7500,2000,206000,
BSOFT_F2,07/28/2023,10:29:00,422.5000,422.5000,422.5000,422.5000,2000,208000,
BSOFT_F2,07/28/2023,10:34:00,421.5000,421.5000,421.5000,421.5000,2000,208000,
BSOFT_F2,07/28/2023,10:39:00,422.0000,422.0000,422.0000,422.0000,2000,208000,
BSOFT_F2,07/28/2023,10:44:00,423.0000,423.1000,423.0000,423.1000,4000,210000,
BSOFT_F2,07/28/2023,10:54:00,424.1000,424.1000,424.1000,424.1000,2000,212000,
BSOFT_F2,07/28/2023,10:57:00,423.0000,423.0000,423.0000,423.0000,2000,214000,
BSOFT_F2,07/28/2023,11:00:00,421.8000,421.8000,421.8000,421.8000,2000,214000,
BSOFT_F2,07/28/2023,11:14:00,422.1500,422.1500,422.1500,422.1500,2000,214000,
BSOFT_F2,07/28/2023,11:19:00,421.8000,421.8000,421.8000,421.8000,2000,214000,
BSOFT_F2,07/28/2023,11:20:00,421.8000,421.8000,421.8000,421.8000,2000,214000,
BSOFT_F2,07/28/2023,11:21:00,421.0000,421.0000,421.0000,421.0000,2000,218000,
BSOFT_F2,07/28/2023,11:23:00,420.5000,420.5000,420.5000,420.5000,4000,218000,
BSOFT_F2,07/28/2023,11:26:00,420.2000,420.2000,420.2000,420.2000,2000,216000,
BSOFT_F2,07/28/2023,11:32:00,420.2000,420.2000,420.2000,420.2000,2000,218000,
BSOFT_F2,07/28/2023,11:33:00,420.0000,420.0000,420.0000,420.0000,2000,216000,
BSOFT_F2,07/28/2023,11:37:00,419.3000,419.3000,419.3000,419.3000,2000,214000,
BSOFT_F2,07/28/2023,11:42:00,420.6500,420.6500,420.6500,420.6500,2000,212000,
BSOFT_F2,07/28/2023,11:50:00,421.9500,421.9500,421.9500,421.9500,2000,212000,
BSOFT_F2,07/28/2023,11:55:00,424.0000,424.0000,424.0000,424.0000,6000,212000,
BSOFT_F2,07/28/2023,11:59:00,423.9500,423.9500,423.9500,423.9500,2000,214000,
BSOFT_F2,07/28/2023,12:00:00,423.6500,424.3500,423.6500,424.3500,4000,212000,
BSOFT_F2,07/28/2023,12:01:00,424.9000,424.9000,424.9000,424.9000,4000,212000,
BSOFT_F2,07/28/2023,12:03:00,424.4500,424.4500,424.4500,424.4500,2000,212000,
BSOFT_F2,07/28/2023,12:11:00,423.5000,423.5500,423.5000,423.5500,4000,214000,
BSOFT_F2,07/28/2023,12:13:00,423.5500,423.5500,423.5500,423.5500,2000,214000,
BSOFT_F2,07/28/2023,12:28:00,422.3500,422.3500,422.3500,422.3500,2000,216000,
BSOFT_F2,07/28/2023,12:42:00,422.6500,422.6500,422.6500,422.6500,2000,216000,
BSOFT_F2,07/28/2023,12:45:00,421.0500,421.0500,421.0500,421.0500,6000,216000,
BSOFT_F2,07/28/2023,12:46:00,419.5000,419.5000,419.5000,419.5000,2000,216000,
BSOFT_F2,07/28/2023,12:51:00,417.8000,418.6000,417.8000,418.6000,10000,218000,
BSOFT_F2,07/28/2023,12:52:00,418.6000,418.6000,418.6000,418.6000,2000,218000,
BSOFT_F2,07/28/2023,12:57:00,419.0000,419.0000,419.0000,419.0000,2000,218000,
BSOFT_F2,07/28/2023,13:04:00,419.6500,420.1000,419.6500,419.8000,6000,218000,
BSOFT_F2,07/28/2023,13:06:00,420.6500,420.6500,420.6500,420.6500,8000,218000,
BSOFT_F2,07/28/2023,13:13:00,420.0500,420.0500,420.0500,420.0500,4000,222000,
BSOFT_F2,07/28/2023,13:28:00,418.9500,418.9500,418.9500,418.9500,4000,224000,
BSOFT_F2,07/28/2023,13:37:00,420.0000,420.0000,420.0000,420.0000,4000,222000,
BSOFT_F2,07/28/2023,13:42:00,419.1000,419.1000,419.1000,419.1000,2000,224000,
BSOFT_F2,07/28/2023,14:00:00,420.0000,420.0000,420.0000,420.0000,2000,224000,
BSOFT_F2,07/28/2023,14:09:00,421.3500,421.3500,421.3500,421.3500,4000,224000,
BSOFT_F2,07/28/2023,14:13:00,421.7500,421.7500,421.7500,421.7500,2000,224000,
BSOFT_F2,07/28/2023,14:14:00,422.3500,422.3500,422.3500,422.3500,2000,224000,
BSOFT_F2,07/28/2023,14:16:00,422.0000,422.0000,422.0000,422.0000,2000,222000,
BSOFT_F2,07/28/2023,14:24:00,421.9000,421.9000,421.9000,421.9000,2000,222000,
BSOFT_F2,07/28/2023,14:33:00,420.9500,420.9500,420.9500,420.9500,2000,222000,
BSOFT_F2,07/28/2023,14:34:00,420.9500,420.9500,420.9500,420.9500,2000,222000,
BSOFT_F2,07/28/2023,14:41:00,421.7000,421.7000,421.6000,421.6000,4000,220000,
BSOFT_F2,07/28/2023,14:42:00,421.6000,421.6000,421.6000,421.6000,2000,220000,
BSOFT_F2,07/28/2023,14:49:00,422.2500,422.2500,422.2500,422.2500,2000,222000,
BSOFT_F2,07/28/2023,14:50:00,422.2500,422.2500,422.2500,422.2500,8000,222000,
BSOFT_F2,07/28/2023,14:55:00,423.3500,423.3500,423.3500,423.3500,4000,230000,
BSOFT_F2,07/28/2023,15:00:00,423.3500,423.3500,423.3500,423.3500,4000,230000,
BSOFT_F2,07/28/2023,15:01:00,423.8000,423.8000,423.8000,423.8000,2000,230000,
BSOFT_F2,07/28/2023,15:11:00,423.8000,423.8000,423.8000,423.8000,2000,230000,
BSOFT_F2,07/28/2023,15:13:00,422.3000,422.3000,422.3000,422.3000,2000,232000,
BSOFT_F2,07/28/2023,15:15:00,422.6500,423.3000,422.6500,423.3000,4000,232000,
BSOFT_F2,07/28/2023,15:16:00,423.5000,423.5000,423.5000,423.5000,2000,232000,
BSOFT_F2,07/28/2023,15:21:00,421.7000,421.7000,421.7000,421.7000,4000,230000,
BSOFT_F2,07/28/2023,15:25:00,421.3000,421.3000,421.3000,421.3000,2000,226000,
BSOFT_F2,07/28/2023,15:29:00,421.1000,421.1000,421.1000,421.1000,2000,224000,
BSOFT_F2,07/31/2023,09:15:00,423.5500,423.7500,423.5500,423.7500,4002,222000,
BSOFT_F2,07/31/2023,09:16:00,424.7500,424.7500,424.7500,424.7500,2000,222000,
BSOFT_F2,07/31/2023,09:19:00,426.0000,426.0000,426.0000,426.0000,2000,228000,
BSOFT_F2,07/31/2023,09:20:00,426.0500,426.0500,426.0500,426.0500,2000,228000,
BSOFT_F2,07/31/2023,09:22:00,426.0500,426.0500,426.0500,426.0500,2000,228000,
BSOFT_F2,07/31/2023,09:25:00,425.3000,425.3000,425.3000,425.3000,2000,226000,
BSOFT_F2,07/31/2023,09:28:00,426.8000,426.8000,426.8000,426.8000,4000,228000,
BSOFT_F2,07/31/2023,09:30:00,427.7000,427.7000,427.7000,427.7000,14000,230000,
BSOFT_F2,07/31/2023,09:33:00,427.8500,428.4000,427.8500,428.4000,4000,236000,
BSOFT_F2,07/31/2023,09:35:00,428.4000,428.4000,428.4000,428.4000,2000,236000,
BSOFT_F2,07/31/2023,09:37:00,426.8500,426.8500,426.8500,426.8500,2000,238000,
BSOFT_F2,07/31/2023,09:41:00,427.0000,427.0000,427.0000,427.0000,2000,240000,
BSOFT_F2,07/31/2023,09:55:00,426.0000,426.0000,424.9500,424.9500,14000,242000,
BSOFT_F2,07/31/2023,10:08:00,425.7500,425.7500,425.7500,425.7500,2000,246000,
BSOFT_F2,07/31/2023,10:14:00,426.5000,426.5000,426.5000,426.5000,2000,246000,
BSOFT_F2,07/31/2023,10:28:00,427.5500,427.5500,427.5500,427.5500,2000,246000,
BSOFT_F2,07/31/2023,10:32:00,428.5500,429.1000,428.5500,429.1000,4000,242000,
BSOFT_F2,07/31/2023,10:35:00,429.4500,429.4500,429.4500,429.4500,2000,242000,
BSOFT_F2,07/31/2023,10:36:00,429.4500,429.4500,429.4500,429.4500,2000,242000,
BSOFT_F2,07/31/2023,10:39:00,429.4500,429.4500,429.4500,429.4500,2000,246000,
BSOFT_F2,07/31/2023,10:50:00,430.8000,430.8000,430.8000,430.8000,2000,244000,
BSOFT_F2,07/31/2023,11:05:00,431.7000,431.7000,431.7000,431.7000,2000,242000,
BSOFT_F2,07/31/2023,11:13:00,432.0000,432.0000,432.0000,432.0000,4000,244000,
BSOFT_F2,07/31/2023,11:14:00,432.2000,432.2000,432.2000,432.2000,2000,244000,
BSOFT_F2,07/31/2023,11:16:00,432.2000,432.2000,432.2000,432.2000,2000,242000,
BSOFT_F2,07/31/2023,11:49:00,432.1500,432.1500,432.1500,432.1500,2000,242000,
BSOFT_F2,07/31/2023,11:50:00,431.1500,431.4500,431.1500,431.4500,6000,242000,
BSOFT_F2,07/31/2023,11:52:00,431.4500,431.4500,431.4500,431.4500,4000,244000,
BSOFT_F2,07/31/2023,11:54:00,431.0000,431.0000,431.0000,431.0000,2000,242000,
BSOFT_F2,07/31/2023,12:00:00,432.6500,433.0000,432.6500,433.0000,4000,242000,
BSOFT_F2,07/31/2023,12:03:00,433.0500,433.0500,433.0500,433.0500,2000,246000,
BSOFT_F2,07/31/2023,12:05:00,433.3000,433.3000,433.3000,433.3000,2000,246000,
BSOFT_F2,07/31/2023,12:13:00,433.6000,433.6000,433.6000,433.6000,2000,248000,
BSOFT_F2,07/31/2023,12:49:00,433.6000,433.6000,433.6000,433.6000,2000,250000,
BSOFT_F2,07/31/2023,12:55:00,432.0000,432.0000,432.0000,432.0000,4000,248000,
BSOFT_F2,07/31/2023,13:09:00,432.1500,432.1500,432.1500,432.1500,2000,250000,
BSOFT_F2,07/31/2023,14:09:00,432.8500,432.8500,432.8500,432.8500,2000,252000,
BSOFT_F2,07/31/2023,14:10:00,432.9000,432.9000,432.9000,432.9000,8000,252000,
BSOFT_F2,07/31/2023,14:17:00,434.6500,435.0000,434.6500,435.0000,4000,246000,
BSOFT_F2,07/31/2023,14:19:00,435.3500,435.3500,435.3500,435.3500,2000,248000,
BSOFT_F2,07/31/2023,14:20:00,435.3500,435.3500,435.3500,435.3500,2000,248000,
BSOFT_F2,07/31/2023,14:45:00,435.0000,435.0000,435.0000,435.0000,2000,246000,
BSOFT_F2,07/31/2023,14:58:00,435.4500,435.4500,435.4500,435.4500,2000,246000,
BSOFT_F2,07/31/2023,15:08:00,435.4500,435.4500,435.4500,435.4500,2000,246000,
BSOFT_F2,07/31/2023,15:09:00,433.1500,433.7000,433.1500,433.7000,6000,0,
BSOFT_F2,07/31/2023,15:10:00,433.6500,433.6500,433.6500,433.6500,2000,0,
BSOFT_F2,07/31/2023,15:25:00,433.1000,433.1000,433.1000,433.1000,2000,0,
BSOFT_F2,07/31/2023,15:28:00,433.1500,433.1500,433.0500,433.0500,4000,0,
