<ticker>,<date>,<time>,<open>,<high>,<low>,<close>,<volume>,<o/i> 
RAIN_F2,07/01/2022,10:16:00,145.50,145.50,145.50,145.50,3501,196000
RAIN_F2,07/01/2022,10:47:00,146.50,146.50,146.50,146.50,3500,199500
RAIN_F2,07/01/2022,10:48:00,146.85,146.85,146.85,146.85,3500,199500
RAIN_F2,07/01/2022,13:27:00,148.40,148.40,148.40,148.40,3500,203000
RAIN_F2,07/01/2022,14:14:00,148.40,148.40,148.40,148.40,3500,206500
RAIN_F2,07/01/2022,14:17:00,148.40,148.40,148.40,148.40,3500,210000
RAIN_F2,07/01/2022,14:48:00,149.90,149.90,149.90,149.90,7000,210000
RAIN_F2,07/01/2022,14:58:00,149.30,149.30,149.30,149.30,3500,206500
RAIN_F2,07/01/2022,15:30:00,149.00,149.00,149.00,149.00,28000,206500
RAIN_F2,07/04/2022,09:26:00,150.20,150.20,150.20,150.20,7001,231000
RAIN_F2,07/04/2022,09:28:00,149.95,149.95,149.95,149.95,3500,227500
RAIN_F2,07/04/2022,09:39:00,149.95,149.95,149.95,149.95,3500,231000
RAIN_F2,07/04/2022,09:42:00,152.25,152.25,152.25,152.25,3500,231000
RAIN_F2,07/04/2022,10:07:00,152.25,152.25,152.25,152.25,3500,231000
RAIN_F2,07/04/2022,10:17:00,150.70,150.70,150.70,150.70,7000,231000
RAIN_F2,07/04/2022,10:18:00,150.70,150.70,150.70,150.70,3500,231000
RAIN_F2,07/04/2022,11:15:00,151.65,151.65,151.65,151.65,3500,227500
RAIN_F2,07/04/2022,11:43:00,151.60,151.60,151.60,151.60,3500,227500
RAIN_F2,07/04/2022,11:47:00,151.50,151.50,151.50,151.50,3500,231000
RAIN_F2,07/04/2022,13:00:00,150.60,150.60,150.60,150.60,3500,227500
RAIN_F2,07/04/2022,13:04:00,150.90,150.90,150.90,150.90,3500,227500
RAIN_F2,07/04/2022,13:46:00,150.85,150.85,150.85,150.85,3500,231000
RAIN_F2,07/04/2022,15:21:00,151.80,151.80,151.80,151.80,3500,234500
RAIN_F2,07/04/2022,15:22:00,152.35,152.35,152.35,152.35,21000,234500
RAIN_F2,07/05/2022,09:27:00,153.20,153.20,153.20,153.20,3501,234500
RAIN_F2,07/05/2022,09:29:00,153.65,153.65,153.65,153.65,3500,234500
RAIN_F2,07/05/2022,09:38:00,155.00,155.00,155.00,155.00,3500,238000
RAIN_F2,07/05/2022,09:44:00,156.10,156.10,156.10,156.10,3500,234500
RAIN_F2,07/05/2022,09:45:00,156.10,156.10,156.10,156.10,3500,238000
RAIN_F2,07/05/2022,09:52:00,156.00,156.00,156.00,156.00,3500,238000
RAIN_F2,07/05/2022,09:53:00,156.15,156.15,156.15,156.15,3500,238000
RAIN_F2,07/05/2022,09:59:00,156.15,156.15,156.15,156.15,3500,241500
RAIN_F2,07/05/2022,10:05:00,156.15,156.15,156.15,156.15,10500,238000
RAIN_F2,07/05/2022,10:21:00,156.15,156.15,156.15,156.15,7000,231000
RAIN_F2,07/05/2022,10:43:00,157.20,157.20,157.20,157.20,3500,238000
RAIN_F2,07/05/2022,11:12:00,157.20,157.20,157.20,157.20,3500,241500
RAIN_F2,07/05/2022,11:17:00,156.10,156.10,156.10,156.10,3500,238000
RAIN_F2,07/05/2022,11:34:00,156.10,156.10,156.10,156.10,3500,238000
RAIN_F2,07/05/2022,12:54:00,155.80,155.80,155.80,155.80,3500,234500
RAIN_F2,07/05/2022,13:37:00,155.25,155.25,155.25,155.25,3500,234500
RAIN_F2,07/05/2022,13:49:00,154.90,154.90,154.90,154.90,3500,238000
RAIN_F2,07/05/2022,14:11:00,154.20,154.20,154.20,154.20,3500,238000
RAIN_F2,07/05/2022,14:40:00,154.25,154.25,154.25,154.25,3500,241500
RAIN_F2,07/05/2022,14:45:00,154.05,154.05,154.05,154.05,3500,245000
RAIN_F2,07/05/2022,15:01:00,153.35,153.35,153.35,153.35,7000,245000
RAIN_F2,07/05/2022,15:02:00,153.25,153.25,153.25,153.25,3500,245000
RAIN_F2,07/05/2022,15:16:00,152.90,152.90,152.90,152.90,3500,245000
RAIN_F2,07/05/2022,15:18:00,152.90,152.90,152.90,152.90,3500,245000
RAIN_F2,07/05/2022,15:23:00,152.90,152.90,152.90,152.90,3500,245000
RAIN_F2,07/05/2022,15:25:00,152.90,152.90,152.90,152.90,3500,245000
RAIN_F2,07/06/2022,09:16:00,152.35,152.35,152.35,152.35,3501,241500
RAIN_F2,07/06/2022,09:40:00,150.50,150.50,150.50,150.50,3500,238000
RAIN_F2,07/06/2022,09:41:00,149.85,149.85,149.85,149.85,3500,234500
RAIN_F2,07/06/2022,10:04:00,149.85,149.85,149.85,149.85,3500,231000
RAIN_F2,07/06/2022,10:32:00,150.45,150.45,150.45,150.45,3500,231000
RAIN_F2,07/06/2022,10:58:00,151.05,151.05,151.05,151.05,3500,234500
RAIN_F2,07/06/2022,11:41:00,150.35,150.35,150.35,150.35,3500,234500
RAIN_F2,07/06/2022,12:49:00,151.75,151.75,151.75,151.75,3500,231000
RAIN_F2,07/06/2022,12:55:00,151.95,151.95,151.95,151.95,3500,231000
RAIN_F2,07/06/2022,15:17:00,154.05,154.05,154.05,154.05,7000,231000
RAIN_F2,07/06/2022,15:19:00,154.05,154.05,154.05,154.05,3500,238000
RAIN_F2,07/07/2022,09:21:00,154.00,154.00,154.00,154.00,3501,234500
RAIN_F2,07/07/2022,09:25:00,156.00,156.00,156.00,156.00,3500,238000
RAIN_F2,07/07/2022,09:32:00,156.00,156.00,156.00,156.00,3500,238000
RAIN_F2,07/07/2022,10:50:00,156.00,156.00,156.00,156.00,7000,241500
RAIN_F2,07/07/2022,10:52:00,154.85,154.85,154.85,154.85,3500,234500
RAIN_F2,07/07/2022,11:00:00,154.80,154.80,154.80,154.80,3500,231000
RAIN_F2,07/07/2022,11:15:00,154.20,154.20,154.20,154.20,3500,231000
RAIN_F2,07/07/2022,11:31:00,154.20,154.20,154.20,154.20,3500,234500
RAIN_F2,07/07/2022,11:32:00,154.25,154.25,154.25,154.25,3500,234500
RAIN_F2,07/07/2022,14:51:00,156.00,156.00,156.00,156.00,3500,227500
RAIN_F2,07/07/2022,14:53:00,156.05,156.05,156.05,156.05,7000,227500
RAIN_F2,07/07/2022,14:54:00,156.35,156.35,156.35,156.35,7000,227500
RAIN_F2,07/07/2022,14:57:00,158.00,159.00,158.00,159.00,14000,241500
RAIN_F2,07/07/2022,15:00:00,159.00,159.00,159.00,159.00,3500,245000
RAIN_F2,07/07/2022,15:05:00,158.30,158.30,158.30,158.30,3500,241500
RAIN_F2,07/07/2022,15:18:00,158.25,158.25,158.25,158.25,3500,241500
RAIN_F2,07/07/2022,15:24:00,158.20,158.20,158.20,158.20,3500,238000
RAIN_F2,07/07/2022,15:29:00,158.20,158.20,158.20,158.20,3500,238000
RAIN_F2,07/08/2022,09:21:00,158.05,158.05,158.05,158.05,3501,238000
RAIN_F2,07/08/2022,09:36:00,157.70,157.70,157.70,157.70,3500,234500
RAIN_F2,07/08/2022,11:25:00,155.30,155.30,155.30,155.30,3500,238000
RAIN_F2,07/08/2022,15:22:00,155.15,155.15,155.15,155.15,3500,238000
RAIN_F2,07/08/2022,15:24:00,154.40,154.40,154.40,154.40,3500,238000
RAIN_F2,07/11/2022,09:16:00,153.30,154.05,153.15,154.05,24502,238000
RAIN_F2,07/11/2022,09:17:00,154.05,154.05,154.05,154.05,3500,238000
RAIN_F2,07/11/2022,09:20:00,153.35,153.35,153.35,153.35,3500,248500
RAIN_F2,07/11/2022,09:27:00,153.00,153.00,153.00,153.00,3500,252000
RAIN_F2,07/11/2022,09:31:00,151.45,151.45,151.45,151.45,7000,255500
RAIN_F2,07/11/2022,10:04:00,152.20,152.20,152.20,152.20,3500,259000
RAIN_F2,07/11/2022,10:36:00,152.50,152.50,152.50,152.50,3500,259000
RAIN_F2,07/11/2022,10:58:00,151.65,151.65,151.65,151.65,3500,255500
RAIN_F2,07/11/2022,11:04:00,151.65,151.65,151.65,151.65,3500,259000
RAIN_F2,07/11/2022,11:13:00,151.65,151.65,151.65,151.65,14000,259000
RAIN_F2,07/11/2022,11:36:00,151.55,151.55,151.55,151.55,3500,259000
RAIN_F2,07/11/2022,11:48:00,151.10,151.10,151.10,151.10,3500,259000
RAIN_F2,07/11/2022,11:57:00,149.90,149.90,149.90,149.90,17500,255500
RAIN_F2,07/11/2022,11:58:00,149.90,150.15,149.70,149.70,24500,255500
RAIN_F2,07/11/2022,11:59:00,149.75,149.75,149.75,149.75,3500,255500
RAIN_F2,07/11/2022,12:07:00,149.80,149.90,149.80,149.90,7000,252000
RAIN_F2,07/11/2022,12:09:00,149.70,149.70,149.70,149.70,3500,259000
RAIN_F2,07/11/2022,12:33:00,149.50,149.50,149.50,149.50,3500,259000
RAIN_F2,07/11/2022,12:36:00,149.50,149.50,149.50,149.50,3500,259000
RAIN_F2,07/11/2022,13:08:00,150.20,150.20,150.20,150.20,7000,262500
RAIN_F2,07/11/2022,13:56:00,153.80,153.80,153.80,153.80,3500,266000
RAIN_F2,07/11/2022,14:06:00,153.80,153.80,153.80,153.80,3500,262500
RAIN_F2,07/11/2022,14:34:00,154.90,154.90,154.90,154.90,7000,262500
RAIN_F2,07/11/2022,14:37:00,154.90,154.90,154.90,154.90,3500,259000
RAIN_F2,07/11/2022,14:58:00,153.10,153.10,153.10,153.10,3500,259000
RAIN_F2,07/11/2022,15:12:00,153.45,153.45,153.45,153.45,7000,259000
RAIN_F2,07/11/2022,15:16:00,152.95,152.95,152.95,152.95,3500,252000
RAIN_F2,07/11/2022,15:21:00,152.95,152.95,152.95,152.95,3500,252000
RAIN_F2,07/11/2022,15:26:00,152.95,152.95,152.95,152.95,3500,248500
RAIN_F2,07/12/2022,09:16:00,153.10,153.10,153.10,153.10,3501,248500
RAIN_F2,07/12/2022,09:27:00,153.35,153.35,153.35,153.35,3500,252000
RAIN_F2,07/12/2022,09:39:00,153.35,153.35,153.35,153.35,3500,255500
RAIN_F2,07/12/2022,10:51:00,154.50,154.50,154.50,154.50,7000,252000
RAIN_F2,07/12/2022,11:29:00,154.50,154.50,154.50,154.50,14000,252000
RAIN_F2,07/12/2022,12:20:00,151.15,151.15,151.15,151.15,3500,262500
RAIN_F2,07/12/2022,12:30:00,151.15,151.15,151.15,151.15,3500,266000
RAIN_F2,07/12/2022,14:20:00,152.95,152.95,152.95,152.95,3500,266000
RAIN_F2,07/12/2022,15:04:00,151.90,151.90,151.90,151.90,3500,269500
RAIN_F2,07/12/2022,15:15:00,151.85,151.95,151.85,151.95,7000,266000
RAIN_F2,07/12/2022,15:16:00,151.95,151.95,151.95,151.95,3500,266000
RAIN_F2,07/12/2022,15:18:00,152.00,152.00,151.80,151.80,7000,266000
RAIN_F2,07/12/2022,15:20:00,151.60,151.75,151.60,151.75,10500,262500
RAIN_F2,07/13/2022,09:17:00,151.75,151.75,151.75,151.75,7000,259000
RAIN_F2,07/13/2022,09:29:00,153.05,153.05,153.05,153.05,3500,259000
RAIN_F2,07/13/2022,09:34:00,153.05,153.05,153.05,153.05,3500,259000
RAIN_F2,07/13/2022,10:05:00,153.05,153.05,153.05,153.05,3500,262500
RAIN_F2,07/13/2022,10:20:00,151.85,151.85,151.85,151.85,3500,259000
RAIN_F2,07/13/2022,10:31:00,151.10,151.25,151.05,151.05,14000,259000
RAIN_F2,07/13/2022,10:40:00,150.90,150.90,150.90,150.90,7000,262500
RAIN_F2,07/13/2022,10:50:00,150.65,150.65,150.65,150.65,3500,262500
RAIN_F2,07/13/2022,10:51:00,150.60,150.60,150.60,150.60,3500,262500
RAIN_F2,07/13/2022,10:54:00,150.55,150.55,150.55,150.55,3500,262500
RAIN_F2,07/13/2022,11:04:00,150.60,150.60,150.60,150.60,3500,262500
RAIN_F2,07/13/2022,11:14:00,151.30,151.30,151.30,151.30,3500,262500
RAIN_F2,07/13/2022,11:26:00,151.40,151.40,151.40,151.40,3500,262500
RAIN_F2,07/13/2022,12:32:00,151.65,151.65,151.65,151.65,3500,262500
RAIN_F2,07/13/2022,12:57:00,150.75,150.75,150.75,150.75,7000,266000
RAIN_F2,07/13/2022,13:03:00,150.75,150.75,150.75,150.75,3500,273000
RAIN_F2,07/13/2022,13:10:00,150.65,150.65,150.65,150.65,3500,273000
RAIN_F2,07/13/2022,13:12:00,150.45,150.45,150.45,150.45,3500,273000
RAIN_F2,07/13/2022,13:18:00,150.50,150.50,150.50,150.50,3500,273000
RAIN_F2,07/13/2022,13:21:00,150.55,150.55,150.55,150.55,3500,276500
RAIN_F2,07/13/2022,13:25:00,150.25,150.25,150.25,150.25,7000,280000
RAIN_F2,07/13/2022,13:26:00,150.10,150.10,150.10,150.10,7000,280000
RAIN_F2,07/13/2022,13:28:00,150.00,150.00,150.00,150.00,7000,287000
RAIN_F2,07/13/2022,13:34:00,150.00,150.00,150.00,150.00,3500,290500
RAIN_F2,07/13/2022,13:59:00,150.45,150.45,150.45,150.45,3500,294000
RAIN_F2,07/13/2022,14:14:00,150.60,150.60,150.60,150.60,3500,294000
RAIN_F2,07/13/2022,14:23:00,150.50,150.50,150.50,150.50,7000,294000
RAIN_F2,07/13/2022,14:24:00,150.05,150.05,150.05,150.05,7000,294000
RAIN_F2,07/13/2022,14:43:00,150.50,150.50,150.50,150.50,3500,304500
RAIN_F2,07/13/2022,14:50:00,150.75,150.75,150.75,150.75,3500,304500
RAIN_F2,07/13/2022,14:53:00,150.60,150.60,150.60,150.60,3500,301000
RAIN_F2,07/13/2022,15:00:00,150.60,150.60,150.60,150.60,3500,304500
RAIN_F2,07/13/2022,15:10:00,150.40,150.55,150.40,150.55,7000,304500
RAIN_F2,07/13/2022,15:17:00,150.45,150.45,150.45,150.45,10500,297500
RAIN_F2,07/13/2022,15:25:00,150.60,150.60,150.60,150.60,3500,290500
RAIN_F2,07/14/2022,09:28:00,149.45,149.45,149.45,149.45,7001,294000
RAIN_F2,07/14/2022,09:32:00,149.00,149.00,149.00,149.00,3500,290500
RAIN_F2,07/14/2022,09:34:00,149.00,149.00,149.00,149.00,3500,290500
RAIN_F2,07/14/2022,09:58:00,151.00,151.00,151.00,151.00,3500,290500
RAIN_F2,07/14/2022,10:56:00,151.00,151.00,151.00,151.00,10500,287000
RAIN_F2,07/14/2022,10:57:00,149.90,149.90,149.90,149.90,3500,297500
RAIN_F2,07/14/2022,11:01:00,149.25,149.25,149.25,149.25,3500,297500
RAIN_F2,07/14/2022,11:03:00,149.00,149.00,149.00,149.00,3500,304500
RAIN_F2,07/14/2022,11:04:00,148.60,148.60,148.60,148.60,3500,304500
RAIN_F2,07/14/2022,11:09:00,148.60,148.60,148.60,148.60,3500,308000
RAIN_F2,07/14/2022,11:18:00,148.00,148.00,148.00,148.00,3500,311500
RAIN_F2,07/14/2022,11:25:00,147.95,147.95,147.95,147.95,3500,315000
RAIN_F2,07/14/2022,11:33:00,147.85,147.85,147.85,147.85,3500,315000
RAIN_F2,07/14/2022,11:46:00,147.40,147.40,147.40,147.40,3500,318500
RAIN_F2,07/14/2022,11:59:00,147.00,147.00,147.00,147.00,3500,322000
RAIN_F2,07/14/2022,12:01:00,146.55,146.55,146.55,146.55,3500,325500
RAIN_F2,07/14/2022,12:29:00,146.50,146.50,146.50,146.50,3500,329000
RAIN_F2,07/14/2022,12:35:00,146.50,146.50,146.50,146.50,7000,332500
RAIN_F2,07/14/2022,12:44:00,146.00,146.00,146.00,146.00,7000,332500
RAIN_F2,07/14/2022,13:02:00,146.00,146.00,146.00,146.00,3500,336000
RAIN_F2,07/14/2022,13:18:00,146.40,146.40,146.40,146.40,14000,339500
RAIN_F2,07/14/2022,13:21:00,146.00,146.00,146.00,146.00,7000,350000
RAIN_F2,07/14/2022,13:22:00,146.10,146.10,145.80,145.80,10500,350000
RAIN_F2,07/14/2022,13:25:00,145.70,145.70,145.70,145.70,7000,367500
RAIN_F2,07/14/2022,13:29:00,145.50,145.50,145.50,145.50,7000,371000
RAIN_F2,07/14/2022,13:46:00,145.50,145.65,145.50,145.65,10500,374500
RAIN_F2,07/14/2022,14:00:00,145.10,145.10,145.10,145.10,3500,378000
RAIN_F2,07/14/2022,14:01:00,145.05,145.05,145.05,145.05,3500,378000
RAIN_F2,07/14/2022,14:04:00,145.05,145.05,145.05,145.05,3500,381500
RAIN_F2,07/14/2022,14:12:00,145.05,145.05,145.05,145.05,3500,381500
RAIN_F2,07/14/2022,14:22:00,145.50,145.50,145.50,145.50,14000,385000
RAIN_F2,07/14/2022,14:37:00,145.60,145.60,145.60,145.60,3500,399000
RAIN_F2,07/14/2022,14:45:00,145.45,145.45,145.45,145.45,3500,399000
RAIN_F2,07/14/2022,14:49:00,145.20,145.20,145.20,145.20,3500,399000
RAIN_F2,07/14/2022,15:08:00,146.15,146.15,146.15,146.15,3500,402500
RAIN_F2,07/14/2022,15:13:00,146.45,146.45,146.45,146.45,3500,402500
RAIN_F2,07/14/2022,15:21:00,146.30,146.30,146.30,146.30,3500,406000
RAIN_F2,07/14/2022,15:23:00,146.20,146.20,146.20,146.20,3500,406000
RAIN_F2,07/14/2022,15:24:00,146.10,146.10,146.10,146.10,3500,406000
RAIN_F2,07/14/2022,15:27:00,146.15,146.15,146.15,146.15,7000,406000
RAIN_F2,07/15/2022,09:18:00,146.00,146.00,146.00,146.00,3501,413000
RAIN_F2,07/15/2022,09:29:00,145.60,145.60,145.60,145.60,7000,416500
RAIN_F2,07/15/2022,09:35:00,144.95,144.95,144.95,144.95,3500,420000
RAIN_F2,07/15/2022,09:41:00,144.80,144.80,144.80,144.80,3500,423500
RAIN_F2,07/15/2022,09:47:00,144.45,144.45,144.45,144.45,3500,427000
RAIN_F2,07/15/2022,09:48:00,144.00,144.00,144.00,144.00,10500,427000
RAIN_F2,07/15/2022,09:54:00,144.00,144.00,144.00,144.00,3500,437500
RAIN_F2,07/15/2022,09:58:00,144.50,144.50,144.50,144.50,3500,437500
RAIN_F2,07/15/2022,10:38:00,144.50,144.50,144.50,144.50,7000,437500
RAIN_F2,07/15/2022,11:02:00,144.40,144.40,144.40,144.40,3500,444500
RAIN_F2,07/15/2022,12:08:00,144.10,144.10,144.10,144.10,3500,444500
RAIN_F2,07/15/2022,12:19:00,143.60,143.60,143.60,143.60,3500,448000
RAIN_F2,07/15/2022,13:26:00,143.15,143.15,143.15,143.15,3500,451500
RAIN_F2,07/15/2022,13:35:00,143.15,143.15,143.15,143.15,3500,448000
RAIN_F2,07/15/2022,13:47:00,142.90,142.90,142.90,142.90,7000,444500
RAIN_F2,07/15/2022,13:51:00,143.00,143.00,143.00,143.00,3500,448000
RAIN_F2,07/15/2022,14:04:00,143.00,143.00,143.00,143.00,3500,451500
RAIN_F2,07/15/2022,14:14:00,143.30,143.30,143.30,143.30,3500,451500
RAIN_F2,07/15/2022,14:36:00,143.95,143.95,143.95,143.95,3500,448000
RAIN_F2,07/15/2022,14:38:00,144.10,144.10,144.10,144.10,3500,448000
RAIN_F2,07/15/2022,14:56:00,144.65,144.65,144.65,144.65,3500,448000
RAIN_F2,07/15/2022,14:57:00,144.95,144.95,144.95,144.95,3500,451500
RAIN_F2,07/15/2022,15:00:00,145.30,145.30,145.30,145.30,3500,451500
RAIN_F2,07/15/2022,15:05:00,145.85,145.85,145.85,145.85,3500,448000
RAIN_F2,07/15/2022,15:20:00,145.65,145.80,145.65,145.80,7000,444500
RAIN_F2,07/15/2022,15:24:00,145.85,146.05,145.85,146.05,7000,448000
RAIN_F2,07/15/2022,15:25:00,146.05,146.05,146.05,146.05,3500,448000
RAIN_F2,07/18/2022,09:16:00,147.40,147.40,147.40,147.40,3501,455000
RAIN_F2,07/18/2022,09:17:00,148.00,148.00,148.00,148.00,3500,455000
RAIN_F2,07/18/2022,09:35:00,148.70,148.70,148.70,148.70,3500,455000
RAIN_F2,07/18/2022,09:37:00,148.90,148.90,148.90,148.90,3500,455000
RAIN_F2,07/18/2022,09:40:00,148.90,148.90,148.90,148.90,3500,455000
RAIN_F2,07/18/2022,09:45:00,148.95,148.95,148.95,148.95,3500,455000
RAIN_F2,07/18/2022,09:46:00,148.95,148.95,148.95,148.95,3500,455000
RAIN_F2,07/18/2022,09:49:00,148.95,148.95,148.95,148.95,3500,451500
RAIN_F2,07/18/2022,09:50:00,148.20,148.20,148.20,148.20,3500,451500
RAIN_F2,07/18/2022,09:58:00,148.10,148.10,148.10,148.10,3500,448000
RAIN_F2,07/18/2022,10:01:00,148.45,148.45,148.45,148.45,3500,448000
RAIN_F2,07/18/2022,10:02:00,148.95,149.00,148.95,149.00,14000,444500
RAIN_F2,07/18/2022,10:03:00,148.85,148.85,148.80,148.80,10500,444500
RAIN_F2,07/18/2022,10:04:00,148.85,148.85,148.85,148.85,3500,444500
RAIN_F2,07/18/2022,10:07:00,149.10,149.10,149.10,149.10,3500,434000
RAIN_F2,07/18/2022,10:11:00,149.10,149.10,149.10,149.10,3500,437500
RAIN_F2,07/18/2022,10:19:00,149.15,149.15,149.15,149.15,3500,441000
RAIN_F2,07/18/2022,10:20:00,149.95,150.25,149.95,150.25,17500,430500
RAIN_F2,07/18/2022,10:28:00,150.25,150.25,150.25,150.25,7000,430500
RAIN_F2,07/18/2022,10:35:00,149.65,149.65,149.65,149.65,3500,437500
RAIN_F2,07/18/2022,10:39:00,149.40,149.40,149.30,149.30,7000,437500
RAIN_F2,07/18/2022,10:44:00,149.35,149.35,149.35,149.35,3500,437500
RAIN_F2,07/18/2022,10:45:00,149.40,149.40,149.40,149.40,7000,441000
RAIN_F2,07/18/2022,10:46:00,149.70,149.70,149.70,149.70,3500,441000
RAIN_F2,07/18/2022,10:55:00,149.10,149.10,149.10,149.10,7000,444500
RAIN_F2,07/18/2022,11:03:00,149.00,149.00,149.00,149.00,3500,441000
RAIN_F2,07/18/2022,11:11:00,148.40,148.40,148.40,148.40,24500,444500
RAIN_F2,07/18/2022,11:16:00,148.60,148.60,148.60,148.60,3500,451500
RAIN_F2,07/18/2022,11:23:00,148.60,148.60,148.60,148.60,3500,451500
RAIN_F2,07/18/2022,11:25:00,148.85,148.85,148.85,148.85,3500,455000
RAIN_F2,07/18/2022,11:30:00,148.30,148.30,148.30,148.30,3500,455000
RAIN_F2,07/18/2022,11:35:00,148.25,148.25,148.25,148.25,3500,455000
RAIN_F2,07/18/2022,11:49:00,148.30,148.30,148.30,148.30,3500,455000
RAIN_F2,07/18/2022,11:56:00,148.60,148.60,148.60,148.60,3500,455000
RAIN_F2,07/18/2022,11:58:00,148.45,148.45,148.45,148.45,3500,451500
RAIN_F2,07/18/2022,12:00:00,148.55,148.55,148.55,148.55,3500,451500
RAIN_F2,07/18/2022,12:22:00,149.00,149.00,149.00,149.00,3500,455000
RAIN_F2,07/18/2022,12:24:00,149.10,149.10,149.10,149.10,3500,458500
RAIN_F2,07/18/2022,12:33:00,149.00,149.00,149.00,149.00,3500,458500
RAIN_F2,07/18/2022,12:44:00,149.05,149.05,149.05,149.05,3500,458500
RAIN_F2,07/18/2022,12:55:00,148.80,148.80,148.80,148.80,10500,458500
RAIN_F2,07/18/2022,13:03:00,149.05,149.05,149.05,149.05,3500,458500
RAIN_F2,07/18/2022,13:05:00,149.15,149.15,149.00,149.00,17500,458500
RAIN_F2,07/18/2022,13:13:00,149.10,149.10,149.10,149.10,10500,472500
RAIN_F2,07/18/2022,13:20:00,149.00,149.00,149.00,149.00,3500,476000
RAIN_F2,07/18/2022,13:27:00,148.95,148.95,148.95,148.95,3500,472500
RAIN_F2,07/18/2022,13:34:00,148.90,148.90,148.90,148.90,3500,472500
RAIN_F2,07/18/2022,13:37:00,149.10,149.10,149.10,149.10,21000,469000
RAIN_F2,07/18/2022,13:41:00,149.15,149.15,149.15,149.15,3500,479500
RAIN_F2,07/18/2022,13:43:00,149.05,149.15,149.05,149.15,7000,476000
RAIN_F2,07/18/2022,13:56:00,148.95,148.95,148.95,148.95,3500,479500
RAIN_F2,07/18/2022,13:57:00,149.00,149.00,149.00,149.00,3500,479500
RAIN_F2,07/18/2022,14:09:00,148.90,148.90,148.90,148.90,3500,483000
RAIN_F2,07/18/2022,14:10:00,148.90,148.90,148.90,148.90,3500,483000
RAIN_F2,07/18/2022,14:11:00,149.00,149.00,149.00,149.00,3500,483000
RAIN_F2,07/18/2022,14:19:00,149.05,149.05,149.05,149.05,3500,483000
RAIN_F2,07/18/2022,14:24:00,149.05,149.05,149.05,149.05,91000,483000
RAIN_F2,07/18/2022,14:25:00,149.20,149.20,149.20,149.20,45500,504000
RAIN_F2,07/18/2022,14:26:00,149.20,149.20,149.20,149.20,56000,504000
RAIN_F2,07/18/2022,14:27:00,149.00,149.50,148.80,148.80,490000,672000
RAIN_F2,07/18/2022,14:28:00,148.80,148.80,148.50,148.50,66500,672000
RAIN_F2,07/18/2022,14:29:00,148.50,148.50,148.25,148.25,175000,672000
RAIN_F2,07/18/2022,14:30:00,148.25,148.35,148.25,148.35,49000,787500
RAIN_F2,07/18/2022,14:31:00,148.35,148.35,148.35,148.35,3500,787500
RAIN_F2,07/18/2022,14:32:00,148.35,148.35,148.35,148.35,38500,787500
RAIN_F2,07/18/2022,14:33:00,148.30,148.30,148.30,148.30,42000,815500
RAIN_F2,07/18/2022,14:34:00,148.30,148.30,148.30,148.30,84000,815500
RAIN_F2,07/18/2022,14:36:00,148.45,148.45,148.45,148.45,192500,892500
RAIN_F2,07/18/2022,14:37:00,148.45,148.45,148.45,148.45,42000,892500
RAIN_F2,07/18/2022,14:38:00,148.50,148.50,148.50,148.50,63000,892500
RAIN_F2,07/18/2022,14:39:00,148.50,148.50,148.50,148.50,17500,924000
RAIN_F2,07/18/2022,14:40:00,148.30,148.30,148.30,148.30,7000,924000
RAIN_F2,07/18/2022,14:46:00,148.30,148.30,148.30,148.30,3500,931000
RAIN_F2,07/18/2022,14:47:00,148.35,148.35,148.35,148.35,3500,931000
RAIN_F2,07/18/2022,14:52:00,148.35,148.35,148.35,148.35,3500,931000
RAIN_F2,07/18/2022,14:54:00,148.35,148.35,148.35,148.35,35000,931000
RAIN_F2,07/18/2022,14:56:00,148.35,148.35,148.35,148.35,3500,931000
RAIN_F2,07/18/2022,14:58:00,148.35,148.35,148.35,148.35,7000,934500
RAIN_F2,07/18/2022,15:00:00,148.35,148.35,148.35,148.35,3500,934500
RAIN_F2,07/18/2022,15:01:00,148.35,148.35,148.35,148.35,3500,945000
RAIN_F2,07/18/2022,15:08:00,148.20,148.20,148.20,148.20,3500,948500
RAIN_F2,07/18/2022,15:10:00,148.25,148.25,148.25,148.25,3500,948500
RAIN_F2,07/18/2022,15:12:00,148.20,148.20,148.20,148.20,7000,948500
RAIN_F2,07/18/2022,15:13:00,147.90,147.90,147.90,147.90,3500,952000
RAIN_F2,07/18/2022,15:14:00,147.95,147.95,147.95,147.95,3500,952000
RAIN_F2,07/18/2022,15:15:00,147.95,147.95,147.95,147.95,7000,952000
RAIN_F2,07/18/2022,15:18:00,148.05,148.05,148.05,148.05,3500,945000
RAIN_F2,07/18/2022,15:20:00,148.05,148.05,148.05,148.05,3500,945000
RAIN_F2,07/18/2022,15:22:00,148.15,148.15,148.15,148.15,7000,948500
RAIN_F2,07/18/2022,15:25:00,147.95,147.95,147.95,147.95,14000,948500
RAIN_F2,07/18/2022,15:26:00,148.15,148.15,148.00,148.00,7000,948500
RAIN_F2,07/19/2022,09:15:00,146.10,146.65,146.10,146.65,10502,955500
RAIN_F2,07/19/2022,09:17:00,147.45,147.45,147.45,147.45,3500,955500
RAIN_F2,07/19/2022,09:19:00,148.25,148.25,148.25,148.25,10500,959000
RAIN_F2,07/19/2022,09:21:00,147.65,147.65,147.65,147.65,3500,962500
RAIN_F2,07/19/2022,09:23:00,148.40,148.40,148.40,148.40,14000,962500
RAIN_F2,07/19/2022,09:24:00,149.05,149.05,149.05,149.05,3500,973000
RAIN_F2,07/19/2022,09:25:00,149.20,149.20,149.20,149.20,14000,973000
RAIN_F2,07/19/2022,09:28:00,149.20,149.20,149.20,149.20,7000,980000
RAIN_F2,07/19/2022,09:29:00,149.20,149.20,149.20,149.20,3500,980000
RAIN_F2,07/19/2022,09:30:00,149.10,149.20,149.10,149.20,7000,990500
RAIN_F2,07/19/2022,09:36:00,148.85,148.85,148.85,148.85,7000,990500
RAIN_F2,07/19/2022,09:38:00,149.20,149.20,149.20,149.20,3500,990500
RAIN_F2,07/19/2022,09:41:00,149.60,149.60,149.60,149.60,7000,987000
RAIN_F2,07/19/2022,09:42:00,149.60,149.60,149.60,149.60,3500,990500
RAIN_F2,07/19/2022,09:48:00,149.35,149.35,149.35,149.35,3500,987000
RAIN_F2,07/19/2022,09:51:00,149.60,149.60,149.60,149.60,10500,987000
RAIN_F2,07/19/2022,09:53:00,149.50,149.50,149.50,149.50,3500,987000
RAIN_F2,07/19/2022,09:55:00,149.30,149.30,149.30,149.30,3500,990500
RAIN_F2,07/19/2022,09:56:00,149.20,149.20,149.20,149.20,3500,990500
RAIN_F2,07/19/2022,09:57:00,149.20,149.20,149.20,149.20,3500,994000
RAIN_F2,07/19/2022,10:01:00,149.05,149.05,149.05,149.05,7000,994000
RAIN_F2,07/19/2022,10:04:00,149.25,149.35,149.25,149.35,14000,994000
RAIN_F2,07/19/2022,10:05:00,149.40,149.40,149.40,149.40,3500,994000
RAIN_F2,07/19/2022,10:06:00,149.45,149.45,149.45,149.45,3500,994000
RAIN_F2,07/19/2022,10:11:00,149.70,149.70,149.70,149.70,7000,997500
RAIN_F2,07/19/2022,10:13:00,150.75,150.75,150.75,150.75,3500,997500
RAIN_F2,07/19/2022,10:14:00,150.95,150.95,150.95,150.95,10500,997500
RAIN_F2,07/19/2022,10:15:00,151.00,151.00,151.00,151.00,3500,997500
RAIN_F2,07/19/2022,10:16:00,151.15,151.15,151.15,151.15,3500,997500
RAIN_F2,07/19/2022,10:17:00,151.35,151.35,151.35,151.35,17500,1004500
RAIN_F2,07/19/2022,10:22:00,151.35,151.35,151.35,151.35,7000,1011500
RAIN_F2,07/19/2022,10:23:00,151.40,151.50,151.40,151.50,7000,1011500
RAIN_F2,07/19/2022,10:24:00,151.60,151.70,151.60,151.70,14000,1015000
RAIN_F2,07/19/2022,10:25:00,152.10,152.10,152.10,152.10,14000,1015000
RAIN_F2,07/19/2022,10:26:00,152.10,152.80,152.10,152.80,21000,1029000
RAIN_F2,07/19/2022,10:27:00,152.90,152.90,152.55,152.55,10500,1029000
RAIN_F2,07/19/2022,10:28:00,152.60,152.85,152.60,152.85,14000,1029000
RAIN_F2,07/19/2022,10:29:00,153.10,153.10,153.10,153.10,3500,1029000
RAIN_F2,07/19/2022,10:30:00,153.65,153.80,153.60,153.60,38500,1046500
RAIN_F2,07/19/2022,10:31:00,153.90,154.35,153.90,154.35,14000,1046500
RAIN_F2,07/19/2022,10:32:00,154.35,154.35,153.70,153.70,10500,1053500
RAIN_F2,07/19/2022,10:35:00,153.40,153.40,153.40,153.40,3500,1053500
RAIN_F2,07/19/2022,10:37:00,153.70,153.75,153.70,153.75,10500,1053500
RAIN_F2,07/19/2022,10:38:00,154.05,154.05,154.00,154.00,38500,1046500
RAIN_F2,07/19/2022,10:39:00,153.75,153.75,153.75,153.75,14000,1046500
RAIN_F2,07/19/2022,10:40:00,153.55,153.60,153.55,153.60,31500,1046500
RAIN_F2,07/19/2022,10:41:00,153.70,153.70,153.55,153.60,38500,1074500
RAIN_F2,07/19/2022,10:42:00,153.60,153.75,153.60,153.75,10500,1074500
RAIN_F2,07/19/2022,10:43:00,153.55,153.85,153.55,153.85,17500,1074500
RAIN_F2,07/19/2022,10:44:00,153.80,153.80,153.80,153.80,10500,1074500
RAIN_F2,07/19/2022,10:45:00,154.25,154.25,154.25,154.25,17500,1085000
RAIN_F2,07/19/2022,10:46:00,154.15,154.20,154.15,154.20,17500,1085000
RAIN_F2,07/19/2022,10:47:00,154.20,154.20,154.20,154.20,7000,1085000
RAIN_F2,07/19/2022,10:48:00,154.10,154.10,154.10,154.10,10500,1106000
RAIN_F2,07/19/2022,10:49:00,153.90,153.90,153.90,153.90,17500,1106000
RAIN_F2,07/19/2022,10:50:00,153.95,154.05,153.95,154.05,14000,1106000
RAIN_F2,07/19/2022,10:51:00,153.90,153.90,153.70,153.70,21000,1123500
RAIN_F2,07/19/2022,10:53:00,153.55,153.80,153.55,153.80,24500,1123500
RAIN_F2,07/19/2022,10:55:00,153.90,153.90,153.90,153.90,7000,1144500
RAIN_F2,07/19/2022,10:57:00,153.55,153.65,153.55,153.65,35000,1148000
RAIN_F2,07/19/2022,10:59:00,153.65,153.65,153.65,153.65,3500,1155000
RAIN_F2,07/19/2022,11:00:00,153.50,153.50,153.50,153.50,10500,1155000
RAIN_F2,07/19/2022,11:01:00,153.30,153.45,153.30,153.45,14000,1155000
RAIN_F2,07/19/2022,11:04:00,153.80,153.80,153.80,153.80,7000,1158500
RAIN_F2,07/19/2022,11:05:00,153.95,153.95,153.95,153.95,7000,1158500
RAIN_F2,07/19/2022,11:06:00,154.10,154.20,154.00,154.00,17500,1162000
RAIN_F2,07/19/2022,11:07:00,154.20,154.20,154.20,154.20,14000,1162000
RAIN_F2,07/19/2022,11:08:00,154.15,154.15,154.15,154.15,14000,1162000
RAIN_F2,07/19/2022,11:10:00,154.00,154.00,154.00,154.00,7000,1179500
RAIN_F2,07/19/2022,11:11:00,153.80,153.80,153.80,153.80,7000,1179500
RAIN_F2,07/19/2022,11:13:00,154.00,154.00,154.00,154.00,10500,1190000
RAIN_F2,07/19/2022,11:15:00,153.90,153.90,153.90,153.90,10500,1193500
RAIN_F2,07/19/2022,11:16:00,154.00,154.00,153.90,153.90,28000,1193500
RAIN_F2,07/19/2022,11:18:00,153.40,153.40,153.40,153.40,7000,1218000
RAIN_F2,07/19/2022,11:20:00,153.70,154.00,153.70,154.00,14000,1218000
RAIN_F2,07/19/2022,11:22:00,153.80,153.80,153.80,153.80,7000,1225000
RAIN_F2,07/19/2022,11:23:00,153.80,153.80,153.80,153.80,7000,1225000
RAIN_F2,07/19/2022,11:27:00,153.50,153.50,153.50,153.50,14000,1235500
RAIN_F2,07/19/2022,11:29:00,153.50,153.50,153.50,153.50,7000,1235500
RAIN_F2,07/19/2022,11:30:00,153.20,153.20,153.20,153.20,17500,1249500
RAIN_F2,07/19/2022,11:31:00,153.25,153.25,153.25,153.25,3500,1249500
RAIN_F2,07/19/2022,11:32:00,153.40,153.40,153.40,153.40,10500,1249500
RAIN_F2,07/19/2022,11:33:00,153.40,153.40,153.40,153.40,7000,1256500
RAIN_F2,07/19/2022,11:34:00,153.40,153.40,153.40,153.40,7000,1256500
RAIN_F2,07/19/2022,11:35:00,153.30,153.30,153.05,153.05,21000,1256500
RAIN_F2,07/19/2022,11:36:00,153.20,153.20,153.20,153.20,7000,1267000
RAIN_F2,07/19/2022,11:37:00,153.10,153.10,153.10,153.10,10500,1267000
RAIN_F2,07/19/2022,11:40:00,153.20,153.20,153.20,153.20,24500,1281000
RAIN_F2,07/19/2022,11:42:00,153.00,153.00,153.00,153.00,14000,1284500
RAIN_F2,07/19/2022,11:44:00,152.90,152.90,152.90,152.90,3500,1284500
RAIN_F2,07/19/2022,11:46:00,152.20,152.20,152.20,152.20,7000,1284500
RAIN_F2,07/19/2022,11:47:00,152.00,152.00,152.00,152.00,14000,1284500
RAIN_F2,07/19/2022,11:52:00,152.40,152.40,152.40,152.40,3500,1284500
RAIN_F2,07/19/2022,11:56:00,152.45,152.45,152.45,152.45,7000,1281000
RAIN_F2,07/19/2022,11:57:00,152.30,152.30,152.30,152.30,3500,1281000
RAIN_F2,07/19/2022,11:59:00,152.55,152.55,152.55,152.55,3500,1281000
RAIN_F2,07/19/2022,12:00:00,152.70,152.70,152.70,152.70,7000,1284500
RAIN_F2,07/19/2022,12:01:00,152.80,152.80,152.80,152.80,3500,1284500
RAIN_F2,07/19/2022,12:02:00,152.80,152.90,152.80,152.90,14000,1284500
RAIN_F2,07/19/2022,12:04:00,153.15,153.15,153.15,153.15,17500,1298500
RAIN_F2,07/19/2022,12:06:00,153.00,153.00,153.00,153.00,7000,1309000
RAIN_F2,07/19/2022,12:08:00,152.80,152.80,152.80,152.80,3500,1309000
RAIN_F2,07/19/2022,12:11:00,153.00,153.00,153.00,153.00,7000,1316000
RAIN_F2,07/19/2022,12:12:00,153.00,153.00,153.00,153.00,10500,1316000
RAIN_F2,07/19/2022,12:15:00,153.00,153.00,152.85,152.85,10500,1323000
RAIN_F2,07/19/2022,12:18:00,153.20,153.20,153.20,153.20,7000,1323000
RAIN_F2,07/19/2022,12:21:00,153.40,153.40,153.40,153.40,3500,1326500
RAIN_F2,07/19/2022,12:22:00,153.50,153.50,153.50,153.50,3500,1326500
RAIN_F2,07/19/2022,12:23:00,153.45,153.45,153.45,153.45,10500,1326500
RAIN_F2,07/19/2022,12:24:00,153.30,153.30,153.20,153.20,10500,1337000
RAIN_F2,07/19/2022,12:26:00,152.85,152.85,152.85,152.85,7000,1337000
RAIN_F2,07/19/2022,12:27:00,152.70,152.70,152.70,152.70,14000,1354500
RAIN_F2,07/19/2022,12:28:00,152.80,152.80,152.80,152.80,7000,1354500
RAIN_F2,07/19/2022,12:29:00,152.70,152.70,152.70,152.70,7000,1354500
RAIN_F2,07/19/2022,12:30:00,152.70,152.70,152.70,152.70,3500,1372000
RAIN_F2,07/19/2022,12:32:00,152.85,152.85,152.85,152.85,7000,1372000
RAIN_F2,07/19/2022,12:34:00,152.85,152.85,152.85,152.85,10500,1375500
RAIN_F2,07/19/2022,12:35:00,152.75,152.75,152.75,152.75,14000,1375500
RAIN_F2,07/19/2022,12:37:00,152.35,152.35,152.35,152.35,21000,1386000
RAIN_F2,07/19/2022,12:38:00,152.55,152.55,152.55,152.55,7000,1386000
RAIN_F2,07/19/2022,12:39:00,152.50,152.50,152.50,152.50,10500,1386000
RAIN_F2,07/19/2022,12:40:00,152.50,152.50,152.50,152.50,3500,1400000
RAIN_F2,07/19/2022,12:45:00,152.65,152.65,152.65,152.65,3500,1400000
RAIN_F2,07/19/2022,12:48:00,152.75,152.80,152.75,152.80,7000,1403500
RAIN_F2,07/19/2022,12:50:00,153.05,153.05,153.05,153.05,3500,1403500
RAIN_F2,07/19/2022,12:51:00,152.95,152.95,152.90,152.90,14000,1417500
RAIN_F2,07/19/2022,12:52:00,152.80,152.80,152.80,152.80,7000,1417500
RAIN_F2,07/19/2022,12:55:00,152.80,152.80,152.80,152.80,14000,1431500
RAIN_F2,07/19/2022,12:56:00,153.20,153.20,153.20,153.20,17500,1431500
RAIN_F2,07/19/2022,12:57:00,153.15,153.15,153.15,153.15,7000,1442000
RAIN_F2,07/19/2022,12:58:00,153.00,153.00,153.00,153.00,35000,1442000
RAIN_F2,07/19/2022,12:59:00,153.00,153.00,153.00,153.00,10500,1442000
RAIN_F2,07/19/2022,13:01:00,153.00,153.00,153.00,153.00,17500,1466500
RAIN_F2,07/19/2022,13:02:00,152.80,152.80,152.75,152.75,7000,1466500
RAIN_F2,07/19/2022,13:04:00,152.85,152.85,152.85,152.85,3500,1484000
RAIN_F2,07/19/2022,13:10:00,153.00,153.00,153.00,153.00,24500,1480500
RAIN_F2,07/19/2022,13:11:00,152.60,152.75,152.60,152.75,38500,1480500
RAIN_F2,07/19/2022,13:12:00,152.80,152.80,152.75,152.75,17500,1512000
RAIN_F2,07/19/2022,13:13:00,152.80,152.80,152.60,152.60,24500,1512000
RAIN_F2,07/19/2022,13:14:00,152.75,152.75,152.50,152.50,38500,1512000
RAIN_F2,07/19/2022,13:15:00,152.60,152.60,152.60,152.60,3500,1554000
RAIN_F2,07/19/2022,13:16:00,152.60,152.60,152.60,152.60,10500,1554000
RAIN_F2,07/19/2022,13:17:00,152.60,152.85,152.60,152.85,14000,1554000
RAIN_F2,07/19/2022,13:20:00,152.85,152.85,152.85,152.85,3500,1578500
RAIN_F2,07/19/2022,13:21:00,152.90,152.90,152.90,152.90,17500,1578500
RAIN_F2,07/19/2022,13:23:00,152.75,152.75,152.75,152.75,24500,1578500
RAIN_F2,07/19/2022,13:27:00,153.15,153.15,153.15,153.15,10500,1603000
RAIN_F2,07/19/2022,13:30:00,153.10,153.10,153.10,153.10,7000,1610000
RAIN_F2,07/19/2022,13:31:00,153.10,153.10,152.80,152.80,17500,1610000
RAIN_F2,07/19/2022,13:32:00,153.30,153.30,153.05,153.05,70000,1610000
RAIN_F2,07/19/2022,13:33:00,152.90,152.95,152.90,152.95,63000,1648500
RAIN_F2,07/19/2022,13:34:00,153.40,153.40,153.40,153.40,24500,1648500
RAIN_F2,07/19/2022,13:36:00,152.75,152.75,152.75,152.75,14000,1701000
RAIN_F2,07/19/2022,13:37:00,153.05,153.10,153.05,153.10,17500,1701000
RAIN_F2,07/19/2022,13:38:00,153.15,153.15,153.15,153.15,24500,1701000
RAIN_F2,07/19/2022,13:39:00,153.10,153.10,152.95,152.95,7000,1729000
RAIN_F2,07/19/2022,13:40:00,153.10,153.10,153.10,153.10,10500,1729000
RAIN_F2,07/19/2022,13:41:00,153.20,153.20,153.20,153.20,56000,1729000
RAIN_F2,07/19/2022,13:42:00,153.20,153.20,153.20,153.20,49000,1806000
RAIN_F2,07/19/2022,13:43:00,153.25,153.25,153.25,153.25,14000,1806000
RAIN_F2,07/19/2022,13:44:00,153.25,153.25,153.25,153.25,3500,1806000
RAIN_F2,07/19/2022,13:45:00,153.25,153.25,153.25,153.25,7000,1806000
RAIN_F2,07/19/2022,13:46:00,153.15,153.25,153.15,153.25,63000,1834000
RAIN_F2,07/19/2022,13:47:00,153.25,153.25,153.25,153.25,10500,1834000
RAIN_F2,07/19/2022,13:48:00,153.10,153.10,153.10,153.10,28000,1834000
RAIN_F2,07/19/2022,13:49:00,153.25,153.25,153.25,153.25,17500,1907500
RAIN_F2,07/19/2022,13:50:00,153.25,153.30,153.25,153.30,35000,1907500
RAIN_F2,07/19/2022,13:51:00,153.25,153.30,153.25,153.30,94500,1963500
RAIN_F2,07/19/2022,13:52:00,153.40,153.40,153.20,153.20,10500,1963500
RAIN_F2,07/19/2022,13:53:00,153.00,153.00,153.00,153.00,49000,1963500
RAIN_F2,07/19/2022,13:54:00,153.05,153.05,153.05,153.05,14000,2019500
RAIN_F2,07/19/2022,13:55:00,153.10,153.10,153.10,153.10,3500,2019500
RAIN_F2,07/19/2022,13:56:00,153.20,153.20,152.50,152.50,35000,2019500
RAIN_F2,07/19/2022,13:57:00,152.75,152.75,152.75,152.75,14000,2019500
RAIN_F2,07/19/2022,13:58:00,152.75,153.00,152.75,153.00,17500,2051000
RAIN_F2,07/19/2022,13:59:00,153.50,153.50,153.50,153.50,45500,2051000
RAIN_F2,07/19/2022,14:00:00,153.30,153.30,153.30,153.30,31500,2072000
RAIN_F2,07/19/2022,14:01:00,153.30,153.30,153.30,153.30,3500,2072000
RAIN_F2,07/19/2022,14:02:00,153.00,153.00,153.00,153.00,10500,2072000
RAIN_F2,07/19/2022,14:03:00,153.10,153.10,153.10,153.10,10500,2103500
RAIN_F2,07/19/2022,14:05:00,153.20,153.25,153.20,153.25,17500,2103500
RAIN_F2,07/19/2022,14:06:00,153.25,153.30,153.25,153.30,45500,2128000
RAIN_F2,07/19/2022,14:07:00,153.40,153.40,153.40,153.40,7000,2128000
RAIN_F2,07/19/2022,14:08:00,153.30,153.30,153.30,153.30,49000,2128000
RAIN_F2,07/19/2022,14:09:00,153.35,153.35,153.25,153.25,101500,2215500
RAIN_F2,07/19/2022,14:10:00,153.00,153.00,153.00,153.00,3500,2215500
RAIN_F2,07/19/2022,14:11:00,153.10,153.10,152.90,152.90,56000,2215500
RAIN_F2,07/19/2022,14:13:00,153.40,153.45,153.40,153.45,77000,2275000
RAIN_F2,07/19/2022,14:14:00,153.50,153.50,153.25,153.25,17500,2275000
RAIN_F2,07/19/2022,14:15:00,153.30,153.30,152.80,152.80,21000,2306500
RAIN_F2,07/19/2022,14:16:00,153.25,153.25,153.25,153.25,7000,2306500
RAIN_F2,07/19/2022,14:17:00,153.30,153.30,153.30,153.30,3500,2306500
RAIN_F2,07/19/2022,14:23:00,153.25,153.25,153.25,153.25,10500,2317000
RAIN_F2,07/19/2022,14:25:00,153.50,153.50,153.50,153.50,31500,2327500
RAIN_F2,07/19/2022,14:26:00,153.60,153.60,153.45,153.45,31500,2327500
RAIN_F2,07/19/2022,14:27:00,153.70,153.70,153.70,153.70,14000,2327500
RAIN_F2,07/19/2022,14:28:00,153.20,153.20,153.20,153.20,10500,2362500
RAIN_F2,07/19/2022,14:29:00,153.30,153.30,153.30,153.30,14000,2362500
RAIN_F2,07/19/2022,14:30:00,153.20,153.20,153.20,153.20,3500,2362500
RAIN_F2,07/19/2022,14:31:00,153.45,153.65,153.45,153.65,14000,2373000
RAIN_F2,07/19/2022,14:32:00,153.45,153.45,153.45,153.45,10500,2373000
RAIN_F2,07/19/2022,14:33:00,153.30,153.30,153.30,153.30,21000,2387000
RAIN_F2,07/19/2022,14:34:00,153.25,153.25,153.25,153.25,7000,2387000
RAIN_F2,07/19/2022,14:35:00,153.20,153.25,153.20,153.25,35000,2387000
RAIN_F2,07/19/2022,14:37:00,153.15,153.15,153.15,153.15,17500,2408000
RAIN_F2,07/19/2022,14:39:00,153.50,153.50,153.10,153.10,28000,2408000
RAIN_F2,07/19/2022,14:40:00,153.50,153.50,153.50,153.50,14000,2432500
RAIN_F2,07/19/2022,14:41:00,153.10,153.40,153.10,153.40,35000,2432500
RAIN_F2,07/19/2022,14:42:00,153.55,153.55,153.55,153.55,10500,2460500
RAIN_F2,07/19/2022,14:44:00,153.35,153.35,153.20,153.20,31500,2460500
RAIN_F2,07/19/2022,14:46:00,153.20,153.30,153.20,153.30,35000,2471000
RAIN_F2,07/19/2022,14:47:00,153.50,153.50,153.25,153.25,14000,2471000
RAIN_F2,07/19/2022,14:48:00,153.40,153.40,153.40,153.40,66500,2495500
RAIN_F2,07/19/2022,14:49:00,153.30,153.40,153.30,153.40,45500,2495500
RAIN_F2,07/19/2022,14:50:00,153.35,153.35,153.35,153.35,7000,2495500
RAIN_F2,07/19/2022,14:51:00,153.30,153.40,153.30,153.40,66500,2534000
RAIN_F2,07/19/2022,14:52:00,153.40,153.40,153.30,153.30,73500,2534000
RAIN_F2,07/19/2022,14:53:00,153.30,153.30,153.20,153.20,185500,2534000
RAIN_F2,07/19/2022,14:54:00,153.30,153.35,153.30,153.35,42000,2534000
RAIN_F2,07/19/2022,14:55:00,153.25,153.30,153.20,153.30,14000,2698500
RAIN_F2,07/19/2022,14:56:00,153.35,153.35,153.35,153.35,24500,2698500
RAIN_F2,07/19/2022,14:57:00,152.65,152.65,152.65,152.65,3500,2698500
RAIN_F2,07/19/2022,14:58:00,152.50,152.50,152.50,152.50,7000,2726500
RAIN_F2,07/19/2022,14:59:00,151.95,151.95,151.80,151.80,14000,2726500
RAIN_F2,07/19/2022,15:00:00,152.00,152.00,151.80,151.95,17500,2726500
RAIN_F2,07/19/2022,15:01:00,152.50,152.50,152.50,152.50,35000,2733500
RAIN_F2,07/19/2022,15:02:00,152.40,152.40,152.40,152.40,7000,2733500
RAIN_F2,07/19/2022,15:03:00,152.40,152.40,152.40,152.40,3500,2740500
RAIN_F2,07/19/2022,15:05:00,152.25,152.25,152.25,152.25,10500,2740500
RAIN_F2,07/19/2022,15:07:00,152.85,152.85,152.85,152.85,35000,2740500
RAIN_F2,07/19/2022,15:10:00,153.00,153.00,152.85,152.85,80500,2761500
RAIN_F2,07/19/2022,15:11:00,152.85,152.85,152.75,152.75,38500,2761500
RAIN_F2,07/19/2022,15:12:00,153.00,153.00,153.00,153.00,52500,2831500
RAIN_F2,07/19/2022,15:15:00,152.90,152.90,152.90,152.90,24500,2831500
RAIN_F2,07/19/2022,15:16:00,152.80,152.80,152.80,152.80,3500,2842000
RAIN_F2,07/19/2022,15:17:00,152.60,152.60,152.60,152.60,21000,2842000
RAIN_F2,07/19/2022,15:18:00,152.35,152.40,152.35,152.40,17500,2842000
RAIN_F2,07/19/2022,15:20:00,152.50,152.50,152.50,152.50,7000,2866500
RAIN_F2,07/19/2022,15:21:00,152.00,152.05,152.00,152.05,10500,2859500
RAIN_F2,07/19/2022,15:22:00,152.05,152.50,152.05,152.50,17500,2859500
RAIN_F2,07/19/2022,15:24:00,152.65,152.65,152.65,152.65,14000,2842000
RAIN_F2,07/19/2022,15:27:00,152.90,152.90,152.90,152.90,7000,2842000
RAIN_F2,07/19/2022,15:29:00,152.80,152.80,152.80,152.80,3500,2845500
RAIN_F2,07/20/2022,09:15:00,154.15,154.20,154.00,154.00,14002,2793000
RAIN_F2,07/20/2022,09:16:00,153.70,153.70,153.70,153.70,10500,2793000
RAIN_F2,07/20/2022,09:17:00,152.80,152.80,152.80,152.80,14000,2796500
RAIN_F2,07/20/2022,09:18:00,153.10,153.10,153.10,153.10,3500,2796500
RAIN_F2,07/20/2022,09:20:00,153.25,153.70,153.25,153.70,7000,2796500
RAIN_F2,07/20/2022,09:21:00,153.70,153.70,153.70,153.70,3500,2796500
RAIN_F2,07/20/2022,09:22:00,153.65,153.95,153.65,153.95,7000,2796500
RAIN_F2,07/20/2022,09:23:00,154.40,154.40,154.40,154.40,7000,2796500
RAIN_F2,07/20/2022,09:24:00,154.40,154.40,154.40,154.40,3500,2807000
RAIN_F2,07/20/2022,09:28:00,154.20,154.20,154.20,154.20,10500,2807000
RAIN_F2,07/20/2022,09:29:00,154.15,154.15,154.15,154.15,3500,2807000
RAIN_F2,07/20/2022,09:30:00,153.80,153.80,153.80,153.80,3500,2807000
RAIN_F2,07/20/2022,09:31:00,153.70,153.70,153.70,153.70,3500,2807000
RAIN_F2,07/20/2022,09:34:00,153.50,153.50,153.50,153.50,3500,2807000
RAIN_F2,07/20/2022,09:35:00,153.45,153.45,153.45,153.45,7000,2807000
RAIN_F2,07/20/2022,09:37:00,153.55,153.55,153.55,153.55,3500,2807000
RAIN_F2,07/20/2022,09:40:00,153.65,153.65,153.65,153.65,3500,2810500
RAIN_F2,07/20/2022,09:41:00,153.75,153.75,153.75,153.75,7000,2810500
RAIN_F2,07/20/2022,09:44:00,153.30,153.30,153.30,153.30,10500,2814000
RAIN_F2,07/20/2022,09:45:00,153.05,153.05,153.05,153.05,3500,2814000
RAIN_F2,07/20/2022,09:50:00,153.45,153.45,153.45,153.45,3500,2810500
RAIN_F2,07/20/2022,09:52:00,153.50,153.50,153.50,153.50,7000,2814000
RAIN_F2,07/20/2022,09:55:00,153.90,153.90,153.90,153.90,10500,2821000
RAIN_F2,07/20/2022,10:03:00,153.85,154.00,153.85,154.00,21000,2821000
RAIN_F2,07/20/2022,10:04:00,154.10,154.10,154.10,154.10,7000,2821000
RAIN_F2,07/20/2022,10:10:00,153.85,153.85,153.85,153.85,7000,2835000
RAIN_F2,07/20/2022,10:14:00,154.30,154.30,154.30,154.30,3500,2838500
RAIN_F2,07/20/2022,10:15:00,154.30,154.45,154.30,154.45,7000,2838500
RAIN_F2,07/20/2022,10:16:00,154.50,154.50,154.50,154.50,3500,2838500
RAIN_F2,07/20/2022,10:17:00,154.50,154.50,154.50,154.50,10500,2838500
RAIN_F2,07/20/2022,10:18:00,154.60,154.60,154.60,154.60,14000,2849000
RAIN_F2,07/20/2022,10:21:00,154.70,154.70,154.70,154.70,7000,2845500
RAIN_F2,07/20/2022,10:22:00,154.80,154.80,154.80,154.80,3500,2845500
RAIN_F2,07/20/2022,10:24:00,154.80,154.80,154.80,154.80,7000,2849000
RAIN_F2,07/20/2022,10:27:00,154.60,154.60,154.60,154.60,3500,2856000
RAIN_F2,07/20/2022,10:37:00,155.00,155.00,155.00,155.00,3500,2852500
RAIN_F2,07/20/2022,10:39:00,155.30,155.50,155.30,155.50,10500,2849000
RAIN_F2,07/20/2022,10:40:00,155.55,155.55,155.55,155.55,14000,2849000
RAIN_F2,07/20/2022,10:42:00,155.55,155.55,155.55,155.55,3500,2866500
RAIN_F2,07/20/2022,10:43:00,155.30,155.30,155.30,155.30,3500,2866500
RAIN_F2,07/20/2022,10:44:00,155.30,155.30,155.30,155.30,7000,2866500
RAIN_F2,07/20/2022,10:45:00,155.40,155.40,155.40,155.40,3500,2870000
RAIN_F2,07/20/2022,10:46:00,155.50,155.70,155.50,155.70,14000,2870000
RAIN_F2,07/20/2022,10:49:00,156.00,156.00,156.00,156.00,7000,2884000
RAIN_F2,07/20/2022,10:51:00,155.55,155.55,155.55,155.55,3500,2884000
RAIN_F2,07/20/2022,10:52:00,155.55,155.55,155.55,155.55,3500,2884000
RAIN_F2,07/20/2022,10:56:00,155.25,155.25,155.25,155.25,3500,2884000
RAIN_F2,07/20/2022,11:03:00,155.80,155.80,155.80,155.80,3500,2884000
RAIN_F2,07/20/2022,11:07:00,155.75,155.75,155.75,155.75,14000,2884000
RAIN_F2,07/20/2022,11:09:00,156.00,156.00,156.00,156.00,3500,2880500
RAIN_F2,07/20/2022,11:13:00,155.35,155.35,155.35,155.35,10500,2880500
RAIN_F2,07/20/2022,11:21:00,155.40,155.40,155.40,155.40,7000,2887500
RAIN_F2,07/20/2022,11:24:00,155.30,155.30,155.30,155.30,3500,2887500
RAIN_F2,07/20/2022,11:25:00,155.25,155.25,155.25,155.25,7000,2887500
RAIN_F2,07/20/2022,11:29:00,154.90,154.90,154.65,154.65,7000,2887500
RAIN_F2,07/20/2022,11:30:00,154.95,155.50,154.95,155.50,24500,2877000
RAIN_F2,07/20/2022,11:46:00,154.90,154.90,154.65,154.65,10500,2873500
RAIN_F2,07/20/2022,11:50:00,154.65,154.65,154.65,154.65,10500,2877000
RAIN_F2,07/20/2022,11:51:00,154.60,154.60,154.60,154.60,3500,2887500
RAIN_F2,07/20/2022,11:58:00,154.35,154.35,154.35,154.35,3500,2887500
RAIN_F2,07/20/2022,12:01:00,154.25,154.25,154.25,154.25,3500,2887500
RAIN_F2,07/20/2022,12:03:00,154.05,154.05,154.05,154.05,3500,2884000
RAIN_F2,07/20/2022,12:06:00,154.30,154.30,154.30,154.30,3500,2884000
RAIN_F2,07/20/2022,12:13:00,154.00,154.00,154.00,154.00,3500,2887500
RAIN_F2,07/20/2022,12:15:00,154.00,154.00,154.00,154.00,3500,2884000
RAIN_F2,07/20/2022,12:17:00,154.20,154.20,154.20,154.20,10500,2884000
RAIN_F2,07/20/2022,12:20:00,154.15,154.15,154.15,154.15,3500,2880500
RAIN_F2,07/20/2022,12:32:00,154.65,154.65,154.65,154.65,7000,2880500
RAIN_F2,07/20/2022,12:35:00,154.70,154.70,154.70,154.70,3500,2880500
RAIN_F2,07/20/2022,12:37:00,154.70,154.70,154.70,154.70,3500,2884000
RAIN_F2,07/20/2022,12:41:00,155.00,155.00,155.00,155.00,3500,2884000
RAIN_F2,07/20/2022,12:42:00,155.15,155.15,155.15,155.15,3500,2880500
RAIN_F2,07/20/2022,12:44:00,155.30,155.30,155.30,155.30,14000,2880500
RAIN_F2,07/20/2022,12:45:00,155.60,155.60,155.40,155.40,10500,2880500
RAIN_F2,07/20/2022,12:46:00,155.15,155.15,155.15,155.15,3500,2880500
RAIN_F2,07/20/2022,12:47:00,155.50,155.50,155.25,155.40,31500,2880500
RAIN_F2,07/20/2022,12:48:00,155.45,155.55,155.45,155.55,24500,2908500
RAIN_F2,07/20/2022,12:49:00,155.35,155.40,155.35,155.40,14000,2908500
RAIN_F2,07/20/2022,12:50:00,155.35,155.35,155.35,155.35,3500,2908500
RAIN_F2,07/20/2022,12:51:00,155.20,155.45,155.20,155.35,17500,2940000
RAIN_F2,07/20/2022,12:52:00,155.25,155.25,155.25,155.25,3500,2940000
RAIN_F2,07/20/2022,12:54:00,155.45,155.45,155.35,155.35,10500,2950500
RAIN_F2,07/20/2022,12:55:00,155.25,155.25,154.90,155.15,42000,2950500
RAIN_F2,07/20/2022,12:56:00,155.25,155.25,155.20,155.20,17500,2950500
RAIN_F2,07/20/2022,12:58:00,155.20,155.20,155.20,155.20,10500,2982000
RAIN_F2,07/20/2022,12:59:00,155.05,155.05,155.05,155.05,3500,2982000
RAIN_F2,07/20/2022,13:14:00,153.35,153.35,153.35,153.35,10500,2992500
RAIN_F2,07/20/2022,13:16:00,153.30,153.30,153.30,153.30,3500,2989000
RAIN_F2,07/20/2022,13:18:00,153.00,153.00,153.00,153.00,10500,2989000
RAIN_F2,07/20/2022,13:24:00,153.40,153.40,153.40,153.40,3500,3003000
RAIN_F2,07/20/2022,13:28:00,153.75,153.75,153.75,153.75,3500,2999500
RAIN_F2,07/20/2022,13:40:00,153.55,153.55,153.55,153.55,3500,2999500
RAIN_F2,07/20/2022,13:51:00,153.20,153.20,153.20,153.20,17500,3003000
RAIN_F2,07/20/2022,13:53:00,153.00,153.00,153.00,153.00,10500,2999500
RAIN_F2,07/20/2022,14:00:00,153.45,153.45,153.45,153.45,3500,2999500
RAIN_F2,07/20/2022,14:13:00,153.35,153.35,153.35,153.35,3500,2999500
RAIN_F2,07/20/2022,14:15:00,153.25,153.25,153.25,153.25,3500,2999500
RAIN_F2,07/20/2022,14:17:00,153.40,153.40,153.40,153.40,7000,3003000
RAIN_F2,07/20/2022,14:18:00,153.25,153.25,153.25,153.25,3500,3003000
RAIN_F2,07/20/2022,14:24:00,152.95,152.95,152.70,152.70,21000,3006500
RAIN_F2,07/20/2022,14:25:00,152.65,152.65,152.65,152.65,3500,3006500
RAIN_F2,07/20/2022,14:34:00,152.65,153.50,152.65,153.50,84000,3010000
RAIN_F2,07/20/2022,14:35:00,153.50,153.50,153.50,153.50,24500,3010000
RAIN_F2,07/20/2022,14:37:00,153.60,153.60,153.60,153.60,7000,3083500
RAIN_F2,07/20/2022,14:39:00,153.40,153.40,153.35,153.35,7000,3090500
RAIN_F2,07/20/2022,14:50:00,153.65,153.65,153.65,153.65,3500,3090500
RAIN_F2,07/20/2022,14:58:00,153.80,153.80,153.80,153.80,3500,3087000
RAIN_F2,07/20/2022,15:01:00,153.70,153.70,153.70,153.70,3500,3087000
RAIN_F2,07/20/2022,15:11:00,154.00,154.00,154.00,154.00,3500,3087000
RAIN_F2,07/20/2022,15:13:00,154.00,154.00,153.95,153.95,7000,3083500
RAIN_F2,07/20/2022,15:18:00,153.80,153.80,153.60,153.60,10500,3087000
RAIN_F2,07/20/2022,15:20:00,153.55,153.55,153.55,153.55,3500,3090500
RAIN_F2,07/20/2022,15:26:00,153.55,153.55,152.85,152.85,14000,3094000
RAIN_F2,07/21/2022,09:16:00,153.15,153.15,153.10,153.10,7002,3094000
RAIN_F2,07/21/2022,09:17:00,152.95,152.95,152.95,152.95,3500,3094000
RAIN_F2,07/21/2022,09:18:00,152.95,152.95,152.95,152.95,3500,3101000
RAIN_F2,07/21/2022,09:19:00,153.80,153.80,153.80,153.80,7000,3101000
RAIN_F2,07/21/2022,09:22:00,154.00,154.00,154.00,154.00,3500,3097500
RAIN_F2,07/21/2022,09:27:00,154.15,154.15,154.15,154.15,3500,3097500
RAIN_F2,07/21/2022,09:29:00,154.15,154.15,154.15,154.15,3500,3097500
RAIN_F2,07/21/2022,09:30:00,153.95,153.95,153.95,153.95,3500,3097500
RAIN_F2,07/21/2022,09:31:00,154.00,154.00,154.00,154.00,10500,3097500
RAIN_F2,07/21/2022,09:32:00,154.25,154.25,154.25,154.25,7000,3097500
RAIN_F2,07/21/2022,09:43:00,153.85,153.85,153.85,153.85,3500,3094000
RAIN_F2,07/21/2022,09:44:00,154.00,154.00,154.00,154.00,3500,3094000
RAIN_F2,07/21/2022,09:45:00,153.95,153.95,153.95,153.95,3500,3101000
RAIN_F2,07/21/2022,09:47:00,154.10,154.10,154.10,154.10,3500,3101000
RAIN_F2,07/21/2022,09:48:00,153.85,153.85,153.85,153.85,3500,3104500
RAIN_F2,07/21/2022,09:50:00,153.85,153.85,153.85,153.85,3500,3104500
RAIN_F2,07/21/2022,09:52:00,153.75,153.75,153.75,153.75,3500,3111500
RAIN_F2,07/21/2022,09:56:00,153.70,153.70,153.70,153.70,3500,3115000
RAIN_F2,07/21/2022,10:05:00,154.35,154.35,154.35,154.35,3500,3118500
RAIN_F2,07/21/2022,10:20:00,154.35,154.35,154.35,154.35,3500,3115000
RAIN_F2,07/21/2022,10:23:00,154.05,154.20,154.05,154.20,10500,3118500
RAIN_F2,07/21/2022,10:24:00,154.20,154.20,154.20,154.20,3500,3122000
RAIN_F2,07/21/2022,10:40:00,154.20,154.20,154.20,154.20,3500,3118500
RAIN_F2,07/21/2022,10:51:00,154.75,154.75,154.75,154.75,7000,3122000
RAIN_F2,07/21/2022,10:58:00,155.35,155.50,155.35,155.50,10500,3125500
RAIN_F2,07/21/2022,11:00:00,155.50,155.50,155.25,155.25,7000,3129000
RAIN_F2,07/21/2022,11:04:00,155.20,155.20,155.20,155.20,3500,3129000
RAIN_F2,07/21/2022,11:09:00,155.25,155.30,155.25,155.30,10500,3129000
RAIN_F2,07/21/2022,11:12:00,155.45,155.45,155.45,155.45,3500,3125500
RAIN_F2,07/21/2022,11:13:00,155.30,155.30,155.30,155.30,3500,3125500
RAIN_F2,07/21/2022,11:16:00,155.55,155.55,155.55,155.55,3500,3125500
RAIN_F2,07/21/2022,11:17:00,155.55,155.55,155.55,155.55,3500,3125500
RAIN_F2,07/21/2022,11:22:00,155.55,155.55,155.55,155.55,7000,3125500
RAIN_F2,07/21/2022,11:24:00,155.55,155.55,155.55,155.55,3500,3129000
RAIN_F2,07/21/2022,11:27:00,155.40,155.40,155.40,155.40,3500,3132500
RAIN_F2,07/21/2022,11:28:00,155.50,155.50,155.50,155.50,3500,3132500
RAIN_F2,07/21/2022,11:30:00,155.75,155.75,155.75,155.75,7000,3132500
RAIN_F2,07/21/2022,11:35:00,155.50,155.50,155.50,155.50,3500,3129000
RAIN_F2,07/21/2022,11:42:00,155.65,155.65,155.50,155.50,10500,3129000
RAIN_F2,07/21/2022,11:43:00,155.40,155.40,155.00,155.00,7000,3129000
RAIN_F2,07/21/2022,11:54:00,155.15,155.15,155.15,155.15,3500,3136000
RAIN_F2,07/21/2022,11:58:00,155.00,155.00,155.00,155.00,3500,3132500
RAIN_F2,07/21/2022,12:05:00,154.90,154.90,154.90,154.90,3500,3129000
RAIN_F2,07/21/2022,12:07:00,154.75,154.75,154.75,154.75,3500,3132500
RAIN_F2,07/21/2022,12:24:00,154.60,154.60,154.60,154.60,3500,3136000
RAIN_F2,07/21/2022,12:35:00,155.10,155.10,155.10,155.10,3500,3139500
RAIN_F2,07/21/2022,12:52:00,154.60,154.60,154.60,154.60,3500,3139500
RAIN_F2,07/21/2022,13:01:00,154.55,154.55,154.55,154.55,14000,3136000
RAIN_F2,07/21/2022,13:02:00,154.35,154.35,154.35,154.35,3500,3136000
RAIN_F2,07/21/2022,13:03:00,154.05,154.05,154.05,154.05,7000,3136000
RAIN_F2,07/21/2022,13:08:00,154.40,154.50,154.40,154.50,21000,3146500
RAIN_F2,07/21/2022,13:09:00,154.70,154.70,154.70,154.70,3500,3153500
RAIN_F2,07/21/2022,13:11:00,154.45,154.45,154.45,154.45,3500,3153500
RAIN_F2,07/21/2022,13:19:00,154.15,154.15,154.15,154.15,3500,3150000
RAIN_F2,07/21/2022,13:25:00,154.15,154.15,154.15,154.15,3500,3153500
RAIN_F2,07/21/2022,13:27:00,154.35,154.35,154.35,154.35,7000,3157000
RAIN_F2,07/21/2022,13:30:00,153.80,153.80,153.80,153.80,3500,3153500
RAIN_F2,07/21/2022,13:41:00,154.00,154.00,154.00,154.00,10500,3157000
RAIN_F2,07/21/2022,13:49:00,153.90,153.90,153.90,153.90,3500,3150000
RAIN_F2,07/21/2022,13:50:00,153.90,153.90,153.90,153.90,3500,3150000
RAIN_F2,07/21/2022,13:53:00,153.75,153.75,153.75,153.75,3500,3150000
RAIN_F2,07/21/2022,13:55:00,153.75,153.75,153.75,153.75,10500,3153500
RAIN_F2,07/21/2022,14:01:00,153.55,153.55,153.55,153.55,3500,3164000
RAIN_F2,07/21/2022,14:02:00,153.60,153.60,153.60,153.60,3500,3164000
RAIN_F2,07/21/2022,14:03:00,153.70,153.70,153.70,153.70,3500,3164000
RAIN_F2,07/21/2022,14:07:00,154.30,154.30,154.30,154.30,3500,3157000
RAIN_F2,07/21/2022,14:27:00,154.45,154.45,154.45,154.45,3500,3160500
RAIN_F2,07/21/2022,14:29:00,154.95,154.95,154.95,154.95,3500,3164000
RAIN_F2,07/21/2022,14:31:00,154.80,154.80,154.80,154.80,3500,3164000
RAIN_F2,07/21/2022,14:33:00,155.00,155.00,155.00,155.00,14000,3164000
RAIN_F2,07/21/2022,14:41:00,154.50,154.50,154.50,154.50,3500,3160500
RAIN_F2,07/21/2022,14:42:00,154.50,154.50,154.50,154.50,7000,3160500
RAIN_F2,07/21/2022,14:44:00,154.80,154.80,154.80,154.80,3500,3167500
RAIN_F2,07/21/2022,14:47:00,154.80,154.80,154.50,154.50,7000,3167500
RAIN_F2,07/21/2022,14:49:00,154.70,154.70,154.70,154.70,3500,3171000
RAIN_F2,07/21/2022,14:53:00,154.70,154.70,154.70,154.70,3500,3171000
RAIN_F2,07/21/2022,14:54:00,155.15,155.15,155.10,155.10,7000,3174500
RAIN_F2,07/21/2022,14:55:00,155.10,155.10,154.95,154.95,7000,3174500
RAIN_F2,07/21/2022,14:56:00,155.05,155.25,155.05,155.25,7000,3174500
RAIN_F2,07/21/2022,14:57:00,155.25,155.25,155.25,155.25,3500,3174500
RAIN_F2,07/21/2022,14:59:00,155.00,155.00,155.00,155.00,10500,3185000
RAIN_F2,07/21/2022,15:01:00,154.95,154.95,154.90,154.90,14000,3192000
RAIN_F2,07/21/2022,15:03:00,155.00,155.00,154.75,154.75,10500,3192000
RAIN_F2,07/21/2022,15:12:00,154.85,154.85,154.85,154.85,3500,3202500
RAIN_F2,07/21/2022,15:15:00,154.90,154.90,154.90,154.90,3500,3202500
RAIN_F2,07/21/2022,15:20:00,154.95,154.95,154.95,154.95,3500,3202500
RAIN_F2,07/21/2022,15:23:00,155.20,155.20,155.20,155.20,7000,3206000
RAIN_F2,07/21/2022,15:27:00,155.25,155.25,155.25,155.25,3500,3206000
RAIN_F2,07/21/2022,15:28:00,155.20,155.25,155.20,155.25,14000,3206000
RAIN_F2,07/21/2022,15:29:00,155.45,155.45,155.45,155.45,28000,3206000
RAIN_F2,07/22/2022,09:21:00,156.05,156.25,155.85,156.25,17502,3216500
RAIN_F2,07/22/2022,09:22:00,156.05,156.45,156.05,156.45,21000,3216500
RAIN_F2,07/22/2022,09:23:00,156.65,156.65,156.65,156.65,7000,3220000
RAIN_F2,07/22/2022,09:24:00,156.45,156.45,156.45,156.45,3500,3220000
RAIN_F2,07/22/2022,09:30:00,156.45,156.45,156.25,156.25,14000,3195500
RAIN_F2,07/22/2022,09:32:00,156.25,156.25,156.25,156.25,3500,3195500
RAIN_F2,07/22/2022,09:33:00,155.90,155.90,155.90,155.90,7000,3209500
RAIN_F2,07/22/2022,09:34:00,155.75,155.75,155.75,155.75,21000,3209500
RAIN_F2,07/22/2022,09:38:00,156.00,156.00,156.00,156.00,3500,3220000
RAIN_F2,07/22/2022,09:39:00,156.00,156.00,156.00,156.00,7000,3216500
RAIN_F2,07/22/2022,09:41:00,156.00,156.00,156.00,156.00,3500,3223500
RAIN_F2,07/22/2022,09:42:00,155.85,155.85,155.85,155.85,7000,3223500
RAIN_F2,07/22/2022,09:44:00,155.55,155.55,155.25,155.25,10500,3234000
RAIN_F2,07/22/2022,09:46:00,155.25,155.25,155.15,155.15,24500,3234000
RAIN_F2,07/22/2022,09:47:00,155.75,155.75,155.75,155.75,7000,3241000
RAIN_F2,07/22/2022,09:49:00,155.75,155.75,155.75,155.75,3500,3241000
RAIN_F2,07/22/2022,09:50:00,155.40,155.40,155.40,155.40,3500,3241000
RAIN_F2,07/22/2022,09:52:00,155.35,155.35,155.35,155.35,3500,3244500
RAIN_F2,07/22/2022,09:54:00,155.35,155.35,155.30,155.30,7000,3244500
RAIN_F2,07/22/2022,09:55:00,155.30,155.30,155.30,155.30,14000,3244500
RAIN_F2,07/22/2022,09:56:00,155.25,155.25,155.25,155.25,3500,3244500
RAIN_F2,07/22/2022,09:58:00,155.25,155.25,155.25,155.25,3500,3265500
RAIN_F2,07/22/2022,09:59:00,155.40,155.40,155.40,155.40,3500,3265500
RAIN_F2,07/22/2022,10:02:00,155.45,155.45,155.45,155.45,7000,3269000
RAIN_F2,07/22/2022,10:03:00,155.70,155.70,155.45,155.45,7000,3272500
RAIN_F2,07/22/2022,10:04:00,155.55,155.55,155.55,155.55,3500,3272500
RAIN_F2,07/22/2022,10:06:00,155.55,156.15,155.55,156.15,7000,3272500
RAIN_F2,07/22/2022,10:08:00,155.90,155.90,155.90,155.90,3500,3272500
RAIN_F2,07/22/2022,10:09:00,155.90,155.90,155.90,155.90,3500,3279500
RAIN_F2,07/22/2022,10:10:00,155.90,156.10,155.90,156.10,7000,3279500
RAIN_F2,07/22/2022,10:11:00,156.40,156.60,156.40,156.60,7000,3290000
RAIN_F2,07/22/2022,10:12:00,156.90,156.90,156.90,156.90,3500,3290000
RAIN_F2,07/22/2022,10:13:00,157.00,157.00,157.00,157.00,10500,3290000
RAIN_F2,07/22/2022,10:14:00,157.00,157.00,157.00,157.00,10500,3290000
RAIN_F2,07/22/2022,10:15:00,157.00,157.00,157.00,157.00,3500,3304000
RAIN_F2,07/22/2022,10:16:00,156.90,157.05,156.90,157.05,10500,3304000
RAIN_F2,07/22/2022,10:18:00,157.05,157.20,157.05,157.20,10500,3307500
RAIN_F2,07/22/2022,10:19:00,157.55,157.55,157.55,157.55,21000,3307500
RAIN_F2,07/22/2022,10:20:00,157.40,157.50,157.40,157.50,7000,3307500
RAIN_F2,07/22/2022,10:22:00,157.50,157.90,157.50,157.90,14000,3307500
RAIN_F2,07/22/2022,10:23:00,158.15,158.15,158.15,158.15,7000,3307500
RAIN_F2,07/22/2022,10:24:00,158.15,158.40,158.15,158.40,122500,3311000
RAIN_F2,07/22/2022,10:25:00,158.10,158.35,158.10,158.35,21000,3311000
RAIN_F2,07/22/2022,10:26:00,158.40,158.40,158.40,158.40,3500,3311000
RAIN_F2,07/22/2022,10:27:00,158.35,158.35,157.80,157.80,21000,3381000
RAIN_F2,07/22/2022,10:28:00,157.80,157.80,157.50,157.50,7000,3381000
RAIN_F2,07/22/2022,10:30:00,157.80,157.80,157.80,157.80,3500,3381000
RAIN_F2,07/22/2022,10:31:00,158.05,158.05,158.05,158.05,14000,3381000
RAIN_F2,07/22/2022,10:32:00,158.05,158.05,158.05,158.05,3500,3381000
RAIN_F2,07/22/2022,10:33:00,158.40,159.00,158.20,159.00,45500,3377500
RAIN_F2,07/22/2022,10:34:00,159.15,159.80,159.15,159.80,31500,3377500
RAIN_F2,07/22/2022,10:35:00,159.85,159.85,159.10,159.10,59500,3416000
RAIN_F2,07/22/2022,10:36:00,159.25,159.25,158.90,158.90,31500,3416000
RAIN_F2,07/22/2022,10:38:00,159.40,159.40,159.40,159.40,3500,3440500
RAIN_F2,07/22/2022,10:40:00,159.40,159.40,159.35,159.35,14000,3440500
RAIN_F2,07/22/2022,10:41:00,159.10,159.10,159.10,159.10,3500,3440500
RAIN_F2,07/22/2022,10:43:00,158.95,158.95,158.95,158.95,14000,3444000
RAIN_F2,07/22/2022,10:44:00,159.10,159.10,159.10,159.10,10500,3444000
RAIN_F2,07/22/2022,10:45:00,159.55,159.75,159.55,159.75,10500,3433500
RAIN_F2,07/22/2022,10:46:00,159.90,160.70,159.90,160.70,59500,3433500
RAIN_F2,07/22/2022,10:48:00,160.45,160.45,160.45,160.45,3500,3433500
RAIN_F2,07/22/2022,10:50:00,160.05,160.05,160.00,160.00,17500,3426500
RAIN_F2,07/22/2022,10:51:00,160.25,160.25,160.25,160.25,3500,3426500
RAIN_F2,07/22/2022,10:52:00,160.25,160.40,160.25,160.40,21000,3426500
RAIN_F2,07/22/2022,10:53:00,160.90,161.30,160.90,161.30,17500,3430000
RAIN_F2,07/22/2022,10:54:00,161.30,161.45,161.10,161.45,28000,3430000
RAIN_F2,07/22/2022,10:55:00,161.55,161.70,161.55,161.70,31500,3430000
RAIN_F2,07/22/2022,10:56:00,161.55,161.75,161.55,161.75,14000,3423000
RAIN_F2,07/22/2022,10:57:00,161.75,161.75,161.75,161.75,14000,3423000
RAIN_F2,07/22/2022,10:58:00,161.45,162.05,161.45,162.05,49000,3423000
RAIN_F2,07/22/2022,10:59:00,162.05,162.30,162.05,162.30,35000,3423000
RAIN_F2,07/22/2022,11:00:00,162.05,162.05,161.50,161.50,38500,3430000
RAIN_F2,07/22/2022,11:01:00,161.70,161.70,161.70,161.70,3500,3430000
RAIN_F2,07/22/2022,11:02:00,161.85,161.85,161.60,161.60,14000,3440500
RAIN_F2,07/22/2022,11:04:00,161.80,161.80,161.60,161.60,21000,3440500
RAIN_F2,07/22/2022,11:06:00,161.60,162.50,161.60,162.50,31500,3451000
RAIN_F2,07/22/2022,11:07:00,162.85,163.60,162.85,163.60,45500,3451000
RAIN_F2,07/22/2022,11:08:00,163.45,163.45,163.00,163.30,45500,3444000
RAIN_F2,07/22/2022,11:09:00,163.20,163.20,163.20,163.20,7000,3444000
RAIN_F2,07/22/2022,11:10:00,162.80,163.00,162.80,163.00,31500,3444000
RAIN_F2,07/22/2022,11:11:00,163.05,163.20,163.05,163.20,10500,3444000
RAIN_F2,07/22/2022,11:12:00,163.20,163.20,163.20,163.20,17500,3454500
RAIN_F2,07/22/2022,11:13:00,163.65,163.65,163.65,163.65,7000,3454500
RAIN_F2,07/22/2022,11:14:00,163.60,163.80,163.60,163.80,21000,3454500
RAIN_F2,07/22/2022,11:15:00,163.80,163.80,163.55,163.55,24500,3458000
RAIN_F2,07/22/2022,11:16:00,163.25,163.25,162.85,162.85,10500,3458000
RAIN_F2,07/22/2022,11:17:00,162.70,162.85,162.70,162.85,10500,3458000
RAIN_F2,07/22/2022,11:19:00,162.75,162.95,162.75,162.95,7000,3458000
RAIN_F2,07/22/2022,11:20:00,162.95,162.95,162.60,162.60,10500,3458000
RAIN_F2,07/22/2022,11:21:00,162.30,162.30,162.30,162.30,3500,3458000
RAIN_F2,07/22/2022,11:22:00,162.30,162.50,162.30,162.50,21000,3458000
RAIN_F2,07/22/2022,11:23:00,163.00,163.00,163.00,163.00,10500,3465000
RAIN_F2,07/22/2022,11:24:00,162.85,162.85,162.85,162.85,14000,3465000
RAIN_F2,07/22/2022,11:25:00,163.10,163.10,163.10,163.10,3500,3465000
RAIN_F2,07/22/2022,11:26:00,163.10,163.65,163.10,163.65,7000,3468500
RAIN_F2,07/22/2022,11:27:00,163.55,164.55,163.55,164.20,49000,3468500
RAIN_F2,07/22/2022,11:28:00,164.20,164.20,164.20,164.20,3500,3468500
RAIN_F2,07/22/2022,11:29:00,164.10,164.10,164.00,164.00,10500,3468500
RAIN_F2,07/22/2022,11:30:00,164.20,164.20,163.95,163.95,10500,3479000
RAIN_F2,07/22/2022,11:31:00,164.00,164.00,164.00,164.00,3500,3479000
RAIN_F2,07/22/2022,11:32:00,163.60,163.60,163.40,163.40,7000,3479000
RAIN_F2,07/22/2022,11:33:00,163.50,163.55,163.50,163.50,10500,3472000
RAIN_F2,07/22/2022,11:34:00,163.50,163.50,163.50,163.50,3500,3472000
RAIN_F2,07/22/2022,11:35:00,164.00,164.15,164.00,164.15,24500,3472000
RAIN_F2,07/22/2022,11:36:00,164.25,164.25,164.10,164.10,10500,3468500
RAIN_F2,07/22/2022,11:37:00,164.25,164.25,164.25,164.25,3500,3468500
RAIN_F2,07/22/2022,11:38:00,164.25,164.25,163.80,163.80,14000,3468500
RAIN_F2,07/22/2022,11:39:00,164.15,164.15,163.90,163.90,17500,3472000
RAIN_F2,07/22/2022,11:40:00,163.50,163.50,163.00,163.05,38500,3472000
RAIN_F2,07/22/2022,11:41:00,162.95,162.95,162.95,162.95,3500,3472000
RAIN_F2,07/22/2022,11:42:00,162.95,162.95,162.95,162.95,3500,3496500
RAIN_F2,07/22/2022,11:43:00,162.80,162.80,162.80,162.80,7000,3496500
RAIN_F2,07/22/2022,11:44:00,163.10,163.45,163.10,163.45,10500,3496500
RAIN_F2,07/22/2022,11:45:00,163.65,163.75,163.65,163.75,14000,3493000
RAIN_F2,07/22/2022,11:46:00,163.75,163.75,163.75,163.75,3500,3493000
RAIN_F2,07/22/2022,11:49:00,163.75,163.75,163.75,163.75,7000,3500000
RAIN_F2,07/22/2022,11:50:00,163.50,163.50,163.50,163.50,7000,3500000
RAIN_F2,07/22/2022,11:53:00,163.30,163.55,163.30,163.55,10500,3503500
RAIN_F2,07/22/2022,11:54:00,163.55,163.55,163.55,163.55,3500,3507000
RAIN_F2,07/22/2022,11:56:00,162.95,162.95,162.95,162.95,3500,3507000
RAIN_F2,07/22/2022,11:57:00,162.95,162.95,162.95,162.95,3500,3507000
RAIN_F2,07/22/2022,11:58:00,162.95,162.95,162.50,162.50,7000,3507000
RAIN_F2,07/22/2022,12:00:00,162.65,162.65,162.65,162.65,3500,3514000
RAIN_F2,07/22/2022,12:01:00,162.70,162.70,162.70,162.70,31500,3514000
RAIN_F2,07/22/2022,12:02:00,162.80,163.00,162.80,163.00,21000,3514000
RAIN_F2,07/22/2022,12:03:00,163.15,163.15,163.15,163.15,7000,3545500
RAIN_F2,07/22/2022,12:06:00,163.15,163.15,163.00,163.00,7000,3549000
RAIN_F2,07/22/2022,12:08:00,162.85,162.85,162.85,162.85,3500,3549000
RAIN_F2,07/22/2022,12:10:00,162.85,162.85,162.85,162.85,3500,3556000
RAIN_F2,07/22/2022,12:11:00,162.85,162.85,162.85,162.85,3500,3556000
RAIN_F2,07/22/2022,12:14:00,162.85,162.85,162.85,162.85,3500,3559500
RAIN_F2,07/22/2022,12:15:00,162.70,162.70,162.70,162.70,7000,3563000
RAIN_F2,07/22/2022,12:16:00,163.10,163.20,163.10,163.20,7000,3563000
RAIN_F2,07/22/2022,12:18:00,163.25,163.25,163.25,163.25,7000,3556000
RAIN_F2,07/22/2022,12:19:00,163.25,163.25,163.25,163.25,3500,3556000
RAIN_F2,07/22/2022,12:20:00,163.80,163.85,163.80,163.85,21000,3556000
RAIN_F2,07/22/2022,12:21:00,164.00,164.00,164.00,164.00,3500,3580500
RAIN_F2,07/22/2022,12:22:00,164.00,164.00,164.00,164.00,7000,3580500
RAIN_F2,07/22/2022,12:23:00,164.00,164.00,164.00,164.00,3500,3580500
RAIN_F2,07/22/2022,12:24:00,164.00,164.00,164.00,164.00,3500,3577000
RAIN_F2,07/22/2022,12:26:00,163.85,163.85,163.85,163.85,3500,3577000
RAIN_F2,07/22/2022,12:28:00,163.85,163.85,163.75,163.75,7000,3580500
RAIN_F2,07/22/2022,12:29:00,163.40,163.40,163.30,163.30,7000,3580500
RAIN_F2,07/22/2022,12:30:00,163.30,163.30,163.30,163.30,3500,3591000
RAIN_F2,07/22/2022,12:31:00,163.00,163.00,163.00,163.00,3500,3591000
RAIN_F2,07/22/2022,12:32:00,163.00,163.00,163.00,163.00,3500,3591000
RAIN_F2,07/22/2022,12:33:00,163.20,163.20,163.20,163.20,17500,3601500
RAIN_F2,07/22/2022,12:34:00,163.30,163.45,163.30,163.45,7000,3601500
RAIN_F2,07/22/2022,12:36:00,163.25,163.25,163.25,163.25,7000,3605000
RAIN_F2,07/22/2022,12:37:00,163.20,163.20,163.20,163.20,7000,3605000
RAIN_F2,07/22/2022,12:39:00,163.20,163.20,163.20,163.20,3500,3605000
RAIN_F2,07/22/2022,12:40:00,163.20,163.20,163.20,163.20,3500,3615500
RAIN_F2,07/22/2022,12:41:00,163.15,163.15,163.15,163.15,3500,3615500
RAIN_F2,07/22/2022,12:43:00,162.95,163.15,162.95,163.15,10500,3619000
RAIN_F2,07/22/2022,12:44:00,163.15,163.15,163.15,163.15,3500,3619000
RAIN_F2,07/22/2022,12:45:00,163.15,163.15,163.00,163.00,7000,3629500
RAIN_F2,07/22/2022,12:48:00,162.70,162.70,162.70,162.70,7000,3626000
RAIN_F2,07/22/2022,12:50:00,162.55,162.55,162.55,162.55,21000,3626000
RAIN_F2,07/22/2022,12:51:00,162.70,162.70,162.70,162.70,3500,3626000
RAIN_F2,07/22/2022,12:52:00,162.70,162.70,162.70,162.70,3500,3615500
RAIN_F2,07/22/2022,12:54:00,162.75,162.75,162.75,162.75,3500,3619000
RAIN_F2,07/22/2022,12:55:00,162.70,162.70,162.70,162.70,3500,3619000
RAIN_F2,07/22/2022,12:56:00,162.70,162.70,162.70,162.70,3500,3619000
RAIN_F2,07/22/2022,12:57:00,162.50,162.50,162.50,162.50,3500,3619000
RAIN_F2,07/22/2022,13:00:00,162.50,162.50,162.50,162.50,3500,3619000
RAIN_F2,07/22/2022,13:02:00,162.50,162.50,162.50,162.50,3500,3619000
RAIN_F2,07/22/2022,13:05:00,161.95,161.95,161.80,161.80,17500,3626000
RAIN_F2,07/22/2022,13:06:00,160.90,160.90,160.70,160.75,35000,3629500
RAIN_F2,07/22/2022,13:07:00,161.20,161.20,161.10,161.10,7000,3629500
RAIN_F2,07/22/2022,13:08:00,161.20,161.30,161.20,161.30,7000,3629500
RAIN_F2,07/22/2022,13:09:00,161.45,161.60,161.45,161.60,10500,3633000
RAIN_F2,07/22/2022,13:10:00,161.60,161.60,161.60,161.60,3500,3633000
RAIN_F2,07/22/2022,13:11:00,161.20,161.20,161.20,161.20,10500,3633000
RAIN_F2,07/22/2022,13:12:00,161.35,161.35,161.35,161.35,3500,3633000
RAIN_F2,07/22/2022,13:13:00,161.15,161.15,161.15,161.15,3500,3633000
RAIN_F2,07/22/2022,13:14:00,161.30,161.30,161.00,161.00,31500,3633000
RAIN_F2,07/22/2022,13:15:00,160.75,160.95,160.75,160.95,7000,3654000
RAIN_F2,07/22/2022,13:18:00,161.30,161.30,161.30,161.30,7000,3650500
RAIN_F2,07/22/2022,13:19:00,161.30,161.50,161.30,161.50,17500,3650500
RAIN_F2,07/22/2022,13:21:00,161.15,161.15,161.15,161.15,7000,3661000
RAIN_F2,07/22/2022,13:22:00,161.10,161.10,161.10,161.10,7000,3661000
RAIN_F2,07/22/2022,13:23:00,160.80,160.80,160.35,160.35,45500,3661000
RAIN_F2,07/22/2022,13:24:00,160.60,160.60,160.60,160.60,24500,3668000
RAIN_F2,07/22/2022,13:25:00,160.70,160.70,160.70,160.70,3500,3668000
RAIN_F2,07/22/2022,13:26:00,160.70,160.70,160.70,160.70,3500,3668000
RAIN_F2,07/22/2022,13:27:00,160.55,160.55,160.55,160.55,3500,3675000
RAIN_F2,07/22/2022,13:29:00,160.70,160.70,160.65,160.65,17500,3675000
RAIN_F2,07/22/2022,13:30:00,160.45,160.45,160.45,160.45,7000,3668000
RAIN_F2,07/22/2022,13:33:00,160.15,160.25,160.15,160.25,10500,3671500
RAIN_F2,07/22/2022,13:35:00,160.25,160.25,160.25,160.25,3500,3671500
RAIN_F2,07/22/2022,13:37:00,160.85,160.85,160.85,160.85,7000,3675000
RAIN_F2,07/22/2022,13:38:00,161.00,161.00,161.00,161.00,3500,3675000
RAIN_F2,07/22/2022,13:39:00,161.00,161.15,161.00,161.15,7000,3675000
RAIN_F2,07/22/2022,13:40:00,161.80,161.80,161.45,161.45,28000,3675000
RAIN_F2,07/22/2022,13:41:00,161.75,161.75,161.75,161.75,3500,3675000
RAIN_F2,07/22/2022,13:42:00,162.00,162.00,162.00,162.00,3500,3675000
RAIN_F2,07/22/2022,13:43:00,162.00,162.10,162.00,162.10,17500,3675000
RAIN_F2,07/22/2022,13:44:00,162.45,162.45,162.30,162.30,14000,3675000
RAIN_F2,07/22/2022,13:45:00,162.30,162.30,161.95,161.95,7000,3682000
RAIN_F2,07/22/2022,13:49:00,161.70,161.70,161.70,161.70,10500,3689000
RAIN_F2,07/22/2022,13:50:00,161.70,161.70,161.35,161.35,10500,3689000
RAIN_F2,07/22/2022,13:51:00,161.35,161.35,161.35,161.35,3500,3689000
RAIN_F2,07/22/2022,13:52:00,161.40,161.40,161.40,161.40,3500,3692500
RAIN_F2,07/22/2022,13:53:00,161.40,161.40,161.40,161.40,3500,3692500
RAIN_F2,07/22/2022,13:55:00,161.80,161.80,161.80,161.80,3500,3692500
RAIN_F2,07/22/2022,13:57:00,161.80,161.80,161.80,161.80,3500,3699500
RAIN_F2,07/22/2022,14:01:00,161.55,161.55,161.55,161.55,7000,3703000
RAIN_F2,07/22/2022,14:04:00,161.60,161.60,161.60,161.60,3500,3706500
RAIN_F2,07/22/2022,14:05:00,161.60,161.60,161.60,161.60,3500,3706500
RAIN_F2,07/22/2022,14:08:00,162.00,162.00,162.00,162.00,3500,3710000
RAIN_F2,07/22/2022,14:09:00,162.00,162.00,162.00,162.00,3500,3710000
RAIN_F2,07/22/2022,14:11:00,162.10,162.10,162.10,162.10,3500,3710000
RAIN_F2,07/22/2022,14:13:00,162.10,162.10,162.10,162.10,3500,3717000
RAIN_F2,07/22/2022,14:15:00,162.20,162.65,162.20,162.65,7000,3720500
RAIN_F2,07/22/2022,14:16:00,162.60,162.60,162.55,162.55,10500,3720500
RAIN_F2,07/22/2022,14:17:00,162.55,162.55,162.30,162.30,7000,3720500
RAIN_F2,07/22/2022,14:19:00,162.30,162.30,162.20,162.20,10500,3724000
RAIN_F2,07/22/2022,14:20:00,162.05,162.05,162.05,162.05,3500,3724000
RAIN_F2,07/22/2022,14:22:00,161.85,161.85,161.85,161.85,3500,3724000
RAIN_F2,07/22/2022,14:24:00,161.80,161.80,161.80,161.80,3500,3738000
RAIN_F2,07/22/2022,14:38:00,161.70,161.70,161.70,161.70,3500,3738000
RAIN_F2,07/22/2022,14:41:00,161.25,161.25,161.25,161.25,3500,3734500
RAIN_F2,07/22/2022,14:44:00,161.15,161.15,161.15,161.15,7000,3734500
RAIN_F2,07/22/2022,14:46:00,161.40,161.40,161.40,161.40,7000,3734500
RAIN_F2,07/22/2022,14:47:00,161.75,161.75,161.75,161.75,14000,3734500
RAIN_F2,07/22/2022,14:48:00,162.00,162.00,161.90,162.00,108500,3752000
RAIN_F2,07/22/2022,14:51:00,161.90,161.90,161.80,161.80,14000,3797500
RAIN_F2,07/22/2022,14:53:00,161.80,161.80,161.80,161.80,7000,3797500
RAIN_F2,07/22/2022,14:54:00,162.15,162.15,162.15,162.15,3500,3808000
RAIN_F2,07/22/2022,14:56:00,162.25,162.25,162.25,162.25,3500,3808000
RAIN_F2,07/22/2022,15:00:00,162.25,162.25,162.25,162.25,3500,3804500
RAIN_F2,07/22/2022,15:02:00,162.10,162.10,162.00,162.00,7000,3808000
RAIN_F2,07/22/2022,15:04:00,162.05,162.05,162.05,162.05,3500,3804500
RAIN_F2,07/22/2022,15:06:00,161.45,161.45,161.45,161.45,10500,3804500
RAIN_F2,07/22/2022,15:08:00,161.60,161.60,161.60,161.60,17500,3815000
RAIN_F2,07/22/2022,15:11:00,161.60,161.60,161.50,161.50,7000,3822000
RAIN_F2,07/22/2022,15:13:00,161.35,161.35,161.35,161.35,3500,3818500
RAIN_F2,07/22/2022,15:14:00,161.35,161.35,161.35,161.35,3500,3818500
RAIN_F2,07/22/2022,15:16:00,161.50,161.50,161.50,161.50,10500,3818500
RAIN_F2,07/22/2022,15:17:00,161.35,161.35,161.35,161.35,3500,3818500
RAIN_F2,07/22/2022,15:21:00,161.25,161.55,161.25,161.55,63000,3853500
RAIN_F2,07/22/2022,15:22:00,161.50,161.50,161.30,161.30,7000,3853500
RAIN_F2,07/22/2022,15:24:00,161.40,161.40,161.40,161.40,3500,3853500
RAIN_F2,07/22/2022,15:25:00,161.40,161.40,161.40,161.40,3500,3867500
RAIN_F2,07/22/2022,15:26:00,161.35,161.35,161.35,161.35,3500,3867500
RAIN_F2,07/22/2022,15:27:00,161.30,161.30,161.30,161.30,7000,3867500
RAIN_F2,07/22/2022,15:28:00,161.30,161.30,161.30,161.30,3500,3867500
RAIN_F2,07/22/2022,15:29:00,161.45,161.45,161.45,161.45,3500,3867500
RAIN_F2,07/25/2022,09:15:00,162.50,162.80,161.60,162.80,49001,3797500
RAIN_F2,07/25/2022,09:16:00,163.80,164.25,163.55,163.55,38500,3797500
RAIN_F2,07/25/2022,09:17:00,163.60,163.60,162.95,163.55,28000,3811500
RAIN_F2,07/25/2022,09:18:00,163.35,163.40,163.30,163.40,10500,3811500
RAIN_F2,07/25/2022,09:19:00,163.45,164.00,163.45,163.80,17500,3811500
RAIN_F2,07/25/2022,09:20:00,163.85,163.85,163.45,163.60,38500,3832500
RAIN_F2,07/25/2022,09:21:00,163.50,163.50,163.20,163.20,14000,3832500
RAIN_F2,07/25/2022,09:22:00,162.50,162.80,162.50,162.80,7000,3832500
RAIN_F2,07/25/2022,09:23:00,162.80,162.80,162.80,162.80,3500,3832500
RAIN_F2,07/25/2022,09:24:00,162.75,163.00,162.75,163.00,14000,3843000
RAIN_F2,07/25/2022,09:25:00,162.75,162.75,162.50,162.50,14000,3843000
RAIN_F2,07/25/2022,09:27:00,162.50,162.50,162.25,162.35,14000,3843000
RAIN_F2,07/25/2022,09:28:00,162.30,162.30,162.30,162.30,7000,3843000
RAIN_F2,07/25/2022,09:29:00,162.00,162.00,162.00,162.00,10500,3843000
RAIN_F2,07/25/2022,09:31:00,161.75,161.75,161.75,161.75,7000,3850000
RAIN_F2,07/25/2022,09:32:00,161.55,161.55,161.50,161.50,31500,3846500
RAIN_F2,07/25/2022,09:33:00,161.50,161.50,161.50,161.50,7000,3846500
RAIN_F2,07/25/2022,09:34:00,161.25,161.40,161.25,161.40,35000,3846500
RAIN_F2,07/25/2022,09:35:00,161.95,161.95,161.95,161.95,3500,3860500
RAIN_F2,07/25/2022,09:36:00,161.80,162.20,161.80,162.20,14000,3860500
RAIN_F2,07/25/2022,09:37:00,162.25,162.45,162.25,162.45,14000,3860500
RAIN_F2,07/25/2022,09:39:00,162.40,162.40,162.40,162.40,14000,3867500
RAIN_F2,07/25/2022,09:41:00,162.40,162.95,162.40,162.95,10500,3867500
RAIN_F2,07/25/2022,09:42:00,162.95,162.95,162.95,162.95,7000,3885000
RAIN_F2,07/25/2022,09:43:00,162.95,163.00,162.95,163.00,14000,3885000
RAIN_F2,07/25/2022,09:44:00,162.55,162.55,162.55,162.55,3500,3885000
RAIN_F2,07/25/2022,09:45:00,162.10,162.10,161.80,161.80,14000,3906000
RAIN_F2,07/25/2022,09:46:00,161.80,161.80,161.80,161.80,7000,3906000
RAIN_F2,07/25/2022,09:47:00,161.80,161.80,161.80,161.80,10500,3906000
RAIN_F2,07/25/2022,09:48:00,162.10,162.10,161.95,162.05,24500,3916500
RAIN_F2,07/25/2022,09:49:00,162.05,162.05,162.05,162.05,7000,3916500
RAIN_F2,07/25/2022,09:52:00,162.10,162.10,162.10,162.10,3500,3920000
RAIN_F2,07/25/2022,09:53:00,162.10,162.10,162.10,162.10,10500,3920000
RAIN_F2,07/25/2022,09:54:00,162.20,162.20,162.10,162.10,7000,3930500
RAIN_F2,07/25/2022,09:55:00,162.00,162.05,162.00,162.05,7000,3930500
RAIN_F2,07/25/2022,09:57:00,161.50,161.50,161.50,161.50,24500,3927000
RAIN_F2,07/25/2022,09:58:00,161.65,161.65,161.65,161.65,3500,3927000
RAIN_F2,07/25/2022,09:59:00,161.75,161.80,161.75,161.75,24500,3927000
RAIN_F2,07/25/2022,10:00:00,162.10,162.10,162.10,162.10,7000,3937500
RAIN_F2,07/25/2022,10:01:00,162.25,162.25,162.25,162.25,3500,3937500
RAIN_F2,07/25/2022,10:02:00,162.10,162.10,162.10,162.10,3500,3937500
RAIN_F2,07/25/2022,10:03:00,162.10,162.10,162.10,162.10,10500,3941000
RAIN_F2,07/25/2022,10:05:00,161.25,161.25,161.25,161.25,14000,3941000
RAIN_F2,07/25/2022,10:06:00,161.75,161.75,161.75,161.75,3500,3958500
RAIN_F2,07/25/2022,10:08:00,161.20,161.20,161.20,161.20,59500,3958500
RAIN_F2,07/25/2022,10:09:00,161.20,161.20,161.20,161.20,3500,3983000
RAIN_F2,07/25/2022,10:10:00,161.20,161.20,161.20,161.20,3500,3983000
RAIN_F2,07/25/2022,10:11:00,161.40,161.40,161.40,161.40,3500,3983000
RAIN_F2,07/25/2022,10:12:00,161.25,161.25,161.25,161.25,10500,3993500
RAIN_F2,07/25/2022,10:14:00,161.25,161.30,161.25,161.30,7000,3993500
RAIN_F2,07/25/2022,10:15:00,161.75,161.75,161.75,161.75,7000,3997000
RAIN_F2,07/25/2022,10:16:00,161.45,161.45,161.25,161.25,21000,3997000
RAIN_F2,07/25/2022,10:17:00,161.60,161.60,161.60,161.60,7000,3997000
RAIN_F2,07/25/2022,10:19:00,161.60,161.60,161.60,161.60,3500,3997000
RAIN_F2,07/25/2022,10:21:00,161.60,161.60,161.60,161.60,14000,4007500
RAIN_F2,07/25/2022,10:23:00,161.60,161.60,161.60,161.60,3500,4007500
RAIN_F2,07/25/2022,10:24:00,161.50,161.50,161.50,161.50,3500,4025000
RAIN_F2,07/25/2022,10:25:00,161.55,161.55,161.55,161.55,3500,4025000
RAIN_F2,07/25/2022,10:27:00,161.55,161.55,161.55,161.55,3500,4028500
RAIN_F2,07/25/2022,10:31:00,161.55,161.55,161.55,161.55,3500,4032000
RAIN_F2,07/25/2022,10:33:00,161.55,161.55,161.55,161.55,7000,4035500
RAIN_F2,07/25/2022,10:37:00,161.45,161.45,161.45,161.45,7000,4042500
RAIN_F2,07/25/2022,10:39:00,161.45,161.45,161.45,161.45,10500,4049500
RAIN_F2,07/25/2022,10:40:00,161.55,161.55,161.55,161.55,3500,4049500
RAIN_F2,07/25/2022,10:43:00,161.55,161.60,161.55,161.60,14000,4053000
RAIN_F2,07/25/2022,10:44:00,161.60,161.60,161.60,161.60,3500,4053000
RAIN_F2,07/25/2022,10:45:00,161.60,161.60,161.60,161.60,7000,4067000
RAIN_F2,07/25/2022,10:48:00,161.50,161.50,161.50,161.50,3500,4074000
RAIN_F2,07/25/2022,10:49:00,161.50,161.50,161.50,161.50,3500,4074000
RAIN_F2,07/25/2022,10:53:00,161.50,161.50,161.50,161.50,3500,4077500
RAIN_F2,07/25/2022,10:55:00,161.75,162.10,161.75,162.10,31500,4081000
RAIN_F2,07/25/2022,10:57:00,162.40,162.40,162.40,162.40,10500,4102000
RAIN_F2,07/25/2022,10:58:00,162.20,162.20,162.20,162.20,3500,4102000
RAIN_F2,07/25/2022,10:59:00,162.20,162.20,162.20,162.20,3500,4102000
RAIN_F2,07/25/2022,11:00:00,162.00,162.00,161.50,161.50,35000,4109000
RAIN_F2,07/25/2022,11:01:00,162.25,162.25,162.25,162.25,24500,4109000
RAIN_F2,07/25/2022,11:05:00,161.90,161.90,161.90,161.90,14000,4123000
RAIN_F2,07/25/2022,11:06:00,161.70,161.70,161.70,161.70,3500,4123000
RAIN_F2,07/25/2022,11:07:00,161.70,161.70,161.70,161.70,3500,4123000
RAIN_F2,07/25/2022,11:08:00,161.85,161.85,161.85,161.85,14000,4123000
RAIN_F2,07/25/2022,11:09:00,161.75,161.75,161.75,161.75,3500,4123000
RAIN_F2,07/25/2022,11:10:00,161.65,161.65,161.65,161.65,3500,4123000
RAIN_F2,07/25/2022,11:11:00,161.65,161.65,161.65,161.65,10500,4123000
RAIN_F2,07/25/2022,11:13:00,161.65,161.65,161.65,161.65,3500,4133500
RAIN_F2,07/25/2022,11:15:00,161.65,161.65,161.65,161.65,7000,4133500
RAIN_F2,07/25/2022,11:16:00,161.65,161.65,161.65,161.65,3500,4133500
RAIN_F2,07/25/2022,11:17:00,161.65,161.65,161.65,161.65,3500,4133500
RAIN_F2,07/25/2022,11:19:00,161.70,161.70,161.70,161.70,3500,4140500
RAIN_F2,07/25/2022,11:21:00,161.70,161.70,161.70,161.70,3500,4144000
RAIN_F2,07/25/2022,11:23:00,161.70,161.70,161.70,161.70,7000,4144000
RAIN_F2,07/25/2022,11:25:00,161.95,161.95,161.95,161.95,3500,4151000
RAIN_F2,07/25/2022,11:26:00,162.50,162.50,162.50,162.50,3500,4151000
RAIN_F2,07/25/2022,11:27:00,162.50,162.50,162.50,162.50,3500,4151000
RAIN_F2,07/25/2022,11:28:00,162.40,162.40,162.40,162.40,7000,4151000
RAIN_F2,07/25/2022,11:29:00,162.60,162.60,162.60,162.60,3500,4151000
RAIN_F2,07/25/2022,11:30:00,162.70,162.70,162.70,162.70,3500,4158000
RAIN_F2,07/25/2022,11:31:00,162.70,162.70,162.70,162.70,3500,4158000
RAIN_F2,07/25/2022,11:32:00,162.55,162.55,162.55,162.55,3500,4158000
RAIN_F2,07/25/2022,11:33:00,162.55,162.70,162.55,162.70,17500,4158000
RAIN_F2,07/25/2022,11:35:00,162.75,162.75,162.75,162.75,3500,4158000
RAIN_F2,07/25/2022,11:36:00,162.75,162.75,162.75,162.75,21000,4165000
RAIN_F2,07/25/2022,11:37:00,162.70,162.90,162.70,162.90,24500,4165000
RAIN_F2,07/25/2022,11:38:00,163.00,163.00,162.75,162.75,17500,4165000
RAIN_F2,07/25/2022,11:39:00,162.90,162.90,162.75,162.75,24500,4217500
RAIN_F2,07/25/2022,11:40:00,162.50,162.50,162.50,162.50,7000,4217500
RAIN_F2,07/25/2022,11:41:00,162.75,162.75,162.75,162.75,3500,4217500
RAIN_F2,07/25/2022,11:43:00,162.75,162.75,162.75,162.75,7000,4235000
RAIN_F2,07/25/2022,11:45:00,162.75,162.75,162.75,162.75,3500,4238500
RAIN_F2,07/25/2022,11:49:00,162.75,162.75,162.75,162.75,14000,4242000
RAIN_F2,07/25/2022,11:51:00,162.75,162.75,162.75,162.75,14000,4259500
RAIN_F2,07/25/2022,11:55:00,162.60,162.60,162.60,162.60,7000,4263000
RAIN_F2,07/25/2022,11:56:00,162.60,162.60,162.60,162.60,3500,4263000
RAIN_F2,07/25/2022,11:59:00,162.60,162.60,162.60,162.60,3500,4270000
RAIN_F2,07/25/2022,12:00:00,162.60,162.60,162.60,162.60,10500,4273500
RAIN_F2,07/25/2022,12:01:00,162.60,162.60,162.60,162.60,3500,4273500
RAIN_F2,07/25/2022,12:02:00,162.80,162.80,162.80,162.80,10500,4273500
RAIN_F2,07/25/2022,12:03:00,162.80,162.80,162.80,162.80,3500,4273500
RAIN_F2,07/25/2022,12:04:00,162.80,162.80,162.80,162.80,3500,4294500
RAIN_F2,07/25/2022,12:05:00,162.80,162.80,162.80,162.80,3500,4294500
RAIN_F2,07/25/2022,12:07:00,162.60,162.60,162.60,162.60,7000,4298000
RAIN_F2,07/25/2022,12:08:00,162.60,162.60,162.60,162.60,3500,4298000
RAIN_F2,07/25/2022,12:09:00,162.60,162.60,162.60,162.60,7000,4315500
RAIN_F2,07/25/2022,12:11:00,162.60,162.60,162.60,162.60,10500,4315500
RAIN_F2,07/25/2022,12:12:00,162.25,162.25,162.25,162.25,3500,4315500
RAIN_F2,07/25/2022,12:13:00,162.45,162.45,162.45,162.45,10500,4326000
RAIN_F2,07/25/2022,12:14:00,162.45,162.45,162.45,162.45,3500,4326000
RAIN_F2,07/25/2022,12:17:00,162.45,162.45,162.45,162.45,7000,4329500
RAIN_F2,07/25/2022,12:19:00,162.80,162.80,162.80,162.80,7000,4333000
RAIN_F2,07/25/2022,12:20:00,162.80,162.80,162.80,162.80,7000,4333000
RAIN_F2,07/25/2022,12:23:00,162.60,162.60,162.60,162.60,7000,4340000
RAIN_F2,07/25/2022,12:24:00,162.60,162.60,162.60,162.60,3500,4340000
RAIN_F2,07/25/2022,12:27:00,162.60,162.60,162.60,162.60,7000,4347000
RAIN_F2,07/25/2022,12:28:00,162.60,162.70,162.60,162.70,7000,4347000
RAIN_F2,07/25/2022,12:29:00,162.70,162.70,162.70,162.70,7000,4347000
RAIN_F2,07/25/2022,12:30:00,162.70,162.70,162.70,162.70,3500,4361000
RAIN_F2,07/25/2022,12:33:00,162.75,162.75,162.75,162.75,14000,4361000
RAIN_F2,07/25/2022,12:35:00,162.75,162.75,162.60,162.60,7000,4361000
RAIN_F2,07/25/2022,12:36:00,162.60,162.60,162.60,162.60,3500,4375000
RAIN_F2,07/25/2022,12:39:00,162.10,162.10,162.10,162.10,14000,4375000
RAIN_F2,07/25/2022,12:42:00,162.10,162.10,162.10,162.10,3500,4378500
RAIN_F2,07/25/2022,12:43:00,162.10,162.10,162.10,162.10,3500,4378500
RAIN_F2,07/25/2022,12:44:00,162.50,162.50,162.50,162.50,3500,4378500
RAIN_F2,07/25/2022,12:45:00,162.50,162.50,162.50,162.50,3500,4382000
RAIN_F2,07/25/2022,12:46:00,162.50,162.50,162.50,162.50,10500,4382000
RAIN_F2,07/25/2022,12:49:00,162.50,162.50,162.50,162.50,10500,4385500
RAIN_F2,07/25/2022,12:51:00,162.50,162.50,162.50,162.50,3500,4392500
RAIN_F2,07/25/2022,12:52:00,162.50,162.50,162.50,162.50,3500,4392500
RAIN_F2,07/25/2022,12:55:00,162.50,162.50,162.50,162.50,7000,4396000
RAIN_F2,07/25/2022,12:57:00,162.50,162.50,162.50,162.50,17500,4417000
RAIN_F2,07/25/2022,12:58:00,162.50,162.50,162.50,162.50,3500,4417000
RAIN_F2,07/25/2022,13:01:00,162.50,162.50,162.50,162.50,7000,4424000
RAIN_F2,07/25/2022,13:03:00,162.30,162.30,162.30,162.30,3500,4424000
RAIN_F2,07/25/2022,13:04:00,162.30,162.30,162.30,162.30,7000,4427500
RAIN_F2,07/25/2022,13:05:00,162.30,162.30,162.30,162.30,3500,4427500
RAIN_F2,07/25/2022,13:06:00,162.15,162.15,162.15,162.15,3500,4427500
RAIN_F2,07/25/2022,13:07:00,162.15,162.15,162.15,162.15,3500,4424000
RAIN_F2,07/25/2022,13:08:00,162.15,162.35,162.15,162.35,24500,4424000
RAIN_F2,07/25/2022,13:09:00,162.20,162.20,162.20,162.20,3500,4424000
RAIN_F2,07/25/2022,13:11:00,162.20,162.20,162.20,162.20,7000,4438000
RAIN_F2,07/25/2022,13:13:00,162.20,162.25,162.20,162.25,28000,4438000
RAIN_F2,07/25/2022,13:14:00,162.45,162.45,162.45,162.45,10500,4438000
RAIN_F2,07/25/2022,13:15:00,162.35,162.35,162.25,162.25,24500,4417000
RAIN_F2,07/25/2022,13:17:00,162.25,162.25,162.25,162.25,7000,4417000
RAIN_F2,07/25/2022,13:18:00,162.45,162.45,162.45,162.45,10500,4406500
RAIN_F2,07/25/2022,13:19:00,162.45,162.45,162.45,162.45,3500,4406500
RAIN_F2,07/25/2022,13:20:00,162.45,162.45,162.45,162.45,3500,4406500
RAIN_F2,07/25/2022,13:22:00,162.45,162.45,162.45,162.45,7000,4420500
RAIN_F2,07/25/2022,13:23:00,162.35,162.35,162.35,162.35,10500,4420500
RAIN_F2,07/25/2022,13:25:00,162.35,162.35,162.35,162.35,3500,4434500
RAIN_F2,07/25/2022,13:26:00,162.35,162.35,162.35,162.35,3500,4434500
RAIN_F2,07/25/2022,13:28:00,162.30,162.30,162.30,162.30,3500,4441500
RAIN_F2,07/25/2022,13:29:00,162.30,162.30,162.30,162.30,3500,4441500
RAIN_F2,07/25/2022,13:30:00,162.30,162.30,162.30,162.30,3500,4441500
RAIN_F2,07/25/2022,13:31:00,162.45,162.45,162.45,162.45,3500,4445000
RAIN_F2,07/25/2022,13:33:00,162.45,162.45,162.45,162.45,7000,4445000
RAIN_F2,07/25/2022,13:35:00,162.75,162.85,162.75,162.85,42000,4445000
RAIN_F2,07/25/2022,13:36:00,162.65,162.75,162.65,162.75,10500,4455500
RAIN_F2,07/25/2022,13:37:00,162.85,162.85,162.85,162.85,3500,4455500
RAIN_F2,07/25/2022,13:39:00,162.85,162.85,162.85,162.85,7000,4455500
RAIN_F2,07/25/2022,13:40:00,163.00,163.10,163.00,163.10,42000,4455500
RAIN_F2,07/25/2022,13:41:00,163.10,163.35,163.10,163.35,45500,4455500
RAIN_F2,07/25/2022,13:42:00,163.35,163.35,163.35,163.35,3500,4508000
RAIN_F2,07/25/2022,13:44:00,163.20,163.50,163.20,163.50,14000,4508000
RAIN_F2,07/25/2022,13:45:00,163.50,163.50,163.50,163.50,3500,4504500
RAIN_F2,07/25/2022,13:46:00,163.30,163.30,163.30,163.30,7000,4504500
RAIN_F2,07/25/2022,13:47:00,163.30,163.30,163.30,163.30,3500,4504500
RAIN_F2,07/25/2022,13:49:00,163.30,163.30,163.30,163.30,3500,4508000
RAIN_F2,07/25/2022,13:50:00,163.20,163.20,163.20,163.20,7000,4508000
RAIN_F2,07/25/2022,13:51:00,163.20,163.20,163.20,163.20,3500,4515000
RAIN_F2,07/25/2022,13:52:00,163.20,163.20,163.20,163.20,3500,4515000
RAIN_F2,07/25/2022,13:53:00,163.00,163.00,163.00,163.00,7000,4515000
RAIN_F2,07/25/2022,13:55:00,163.00,163.00,163.00,163.00,7000,4518500
RAIN_F2,07/25/2022,13:57:00,163.00,163.00,163.00,163.00,3500,4522000
RAIN_F2,07/25/2022,13:58:00,163.00,163.00,163.00,163.00,7000,4522000
RAIN_F2,07/25/2022,14:00:00,163.00,163.00,163.00,163.00,3500,4522000
RAIN_F2,07/25/2022,14:01:00,163.00,163.00,163.00,163.00,3500,4525500
RAIN_F2,07/25/2022,14:04:00,163.20,163.25,163.20,163.25,17500,4525500
RAIN_F2,07/25/2022,14:05:00,162.95,162.95,162.95,162.95,24500,4525500
RAIN_F2,07/25/2022,14:06:00,162.95,162.95,162.95,162.95,10500,4525500
RAIN_F2,07/25/2022,14:07:00,162.95,162.95,162.95,162.95,3500,4511500
RAIN_F2,07/25/2022,14:11:00,162.95,162.95,162.95,162.95,3500,4515000
RAIN_F2,07/25/2022,14:13:00,163.10,163.10,163.10,163.10,7000,4518500
RAIN_F2,07/25/2022,14:14:00,163.10,163.10,163.10,163.10,3500,4518500
RAIN_F2,07/25/2022,14:16:00,163.10,163.10,163.10,163.10,3500,4529000
RAIN_F2,07/25/2022,14:17:00,163.10,163.10,163.10,163.10,3500,4529000
RAIN_F2,07/25/2022,14:20:00,163.10,163.10,163.10,163.10,3500,4529000
RAIN_F2,07/25/2022,14:22:00,163.15,163.15,163.15,163.15,3500,4529000
RAIN_F2,07/25/2022,14:23:00,163.15,163.15,163.15,163.15,3500,4529000
RAIN_F2,07/25/2022,14:26:00,163.15,163.15,163.15,163.15,3500,4529000
RAIN_F2,07/25/2022,14:27:00,163.35,163.35,163.35,163.35,7000,4532500
RAIN_F2,07/25/2022,14:28:00,163.45,163.45,163.45,163.45,3500,4532500
RAIN_F2,07/25/2022,14:30:00,163.45,163.60,163.45,163.60,7000,4532500
RAIN_F2,07/25/2022,14:31:00,163.60,163.60,163.60,163.60,3500,4546500
RAIN_F2,07/25/2022,14:32:00,163.60,163.60,163.60,163.60,3500,4546500
RAIN_F2,07/25/2022,14:34:00,163.55,163.55,163.55,163.55,7000,4550000
RAIN_F2,07/25/2022,14:35:00,163.55,163.65,163.50,163.50,14000,4550000
RAIN_F2,07/25/2022,14:37:00,163.30,163.30,163.30,163.30,14000,4557000
RAIN_F2,07/25/2022,14:38:00,163.60,163.60,163.60,163.60,3500,4557000
RAIN_F2,07/25/2022,14:41:00,163.10,163.10,163.10,163.10,3500,4557000
RAIN_F2,07/25/2022,14:42:00,163.10,163.10,163.10,163.10,3500,4557000
RAIN_F2,07/25/2022,14:44:00,163.45,163.45,163.45,163.45,35000,4550000
RAIN_F2,07/25/2022,14:46:00,163.15,163.15,163.15,163.15,3500,4553500
RAIN_F2,07/25/2022,14:47:00,163.05,163.05,163.00,163.00,7000,4553500
RAIN_F2,07/25/2022,14:48:00,163.00,163.00,163.00,163.00,7000,4550000
RAIN_F2,07/25/2022,14:49:00,163.00,163.00,163.00,163.00,17500,4550000
RAIN_F2,07/25/2022,14:51:00,163.00,163.00,163.00,163.00,7000,4550000
RAIN_F2,07/25/2022,14:52:00,163.10,163.10,163.10,163.10,7000,4550000
RAIN_F2,07/25/2022,14:53:00,163.10,163.10,163.10,163.10,3500,4550000
RAIN_F2,07/25/2022,15:00:00,163.10,163.10,162.85,162.85,10500,4543000
RAIN_F2,07/25/2022,15:01:00,162.65,162.65,162.60,162.60,14000,4543000
RAIN_F2,07/25/2022,15:02:00,162.70,162.75,162.70,162.75,17500,4543000
RAIN_F2,07/25/2022,15:04:00,162.60,162.60,162.05,162.05,24500,4546500
RAIN_F2,07/25/2022,15:05:00,161.75,161.95,161.75,161.95,42000,4546500
RAIN_F2,07/25/2022,15:06:00,161.80,161.90,161.80,161.90,14000,4546500
RAIN_F2,07/25/2022,15:07:00,162.00,162.00,162.00,162.00,3500,4567500
RAIN_F2,07/25/2022,15:08:00,162.05,162.05,162.05,162.05,3500,4567500
RAIN_F2,07/25/2022,15:10:00,162.30,162.45,162.30,162.45,14000,4567500
RAIN_F2,07/25/2022,15:11:00,162.45,162.45,162.45,162.45,3500,4567500
RAIN_F2,07/25/2022,15:12:00,162.65,162.65,162.65,162.65,3500,4567500
RAIN_F2,07/25/2022,15:14:00,162.45,162.45,162.45,162.45,3500,4564000
RAIN_F2,07/25/2022,15:15:00,162.30,162.30,162.30,162.30,7000,4564000
RAIN_F2,07/25/2022,15:16:00,162.30,162.30,162.30,162.30,3500,4564000
RAIN_F2,07/25/2022,15:17:00,162.30,162.30,162.30,162.30,3500,4564000
RAIN_F2,07/25/2022,15:18:00,162.30,162.30,162.30,162.30,3500,4564000
RAIN_F2,07/25/2022,15:19:00,162.30,162.30,162.20,162.20,10500,4567500
RAIN_F2,07/25/2022,15:20:00,162.00,162.00,162.00,162.00,7000,4567500
RAIN_F2,07/25/2022,15:22:00,162.00,162.00,162.00,162.00,7000,4571000
RAIN_F2,07/25/2022,15:23:00,162.20,162.20,162.20,162.20,7000,4571000
RAIN_F2,07/25/2022,15:24:00,162.30,162.30,162.30,162.30,3500,4571000
RAIN_F2,07/25/2022,15:28:00,162.00,162.00,162.00,162.00,10500,4581500
RAIN_F2,07/25/2022,15:29:00,162.00,162.00,161.70,162.00,14000,4581500
RAIN_F2,07/26/2022,09:15:00,162.00,162.00,162.00,162.00,3500,4567500
RAIN_F2,07/26/2022,09:18:00,162.00,162.00,162.00,162.00,3500,4571000
RAIN_F2,07/26/2022,09:19:00,162.40,162.40,162.40,162.40,10500,4571000
RAIN_F2,07/26/2022,09:22:00,161.90,161.90,161.90,161.90,7000,4574500
RAIN_F2,07/26/2022,09:23:00,162.05,162.40,162.05,162.40,7000,4574500
RAIN_F2,07/26/2022,09:25:00,162.50,162.50,162.50,162.50,7000,4574500
RAIN_F2,07/26/2022,09:26:00,162.50,162.50,162.50,162.50,7000,4574500
RAIN_F2,07/26/2022,09:28:00,162.65,162.80,162.65,162.80,17500,4581500
RAIN_F2,07/26/2022,09:30:00,162.80,163.00,162.80,163.00,10500,4588500
RAIN_F2,07/26/2022,09:36:00,163.05,163.05,163.05,163.05,3500,4588500
RAIN_F2,07/26/2022,09:37:00,163.05,163.05,163.05,163.05,10500,4588500
RAIN_F2,07/26/2022,09:38:00,163.10,163.10,163.10,163.10,7000,4588500
RAIN_F2,07/26/2022,09:39:00,163.10,163.10,163.10,163.10,3500,4592000
RAIN_F2,07/26/2022,09:41:00,163.20,163.20,163.20,163.20,10500,4592000
RAIN_F2,07/26/2022,09:42:00,163.15,163.15,163.15,163.15,3500,4606000
RAIN_F2,07/26/2022,09:43:00,163.15,163.15,163.15,163.15,3500,4606000
RAIN_F2,07/26/2022,09:46:00,163.15,163.15,162.95,162.95,17500,4606000
RAIN_F2,07/26/2022,09:48:00,162.95,162.95,162.95,162.95,3500,4616500
RAIN_F2,07/26/2022,09:51:00,163.50,163.50,163.50,163.50,10500,4620000
RAIN_F2,07/26/2022,09:52:00,163.50,163.50,163.50,163.50,7000,4620000
RAIN_F2,07/26/2022,09:53:00,163.65,163.65,163.50,163.50,10500,4620000
RAIN_F2,07/26/2022,09:54:00,163.50,163.50,163.50,163.50,7000,4620000
RAIN_F2,07/26/2022,09:56:00,163.25,163.25,163.25,163.25,3500,4630500
RAIN_F2,07/26/2022,09:57:00,163.20,163.45,163.20,163.45,7000,4630500
RAIN_F2,07/26/2022,09:58:00,163.45,163.45,163.45,163.45,3500,4630500
RAIN_F2,07/26/2022,09:59:00,163.15,163.15,163.15,163.15,3500,4630500
RAIN_F2,07/26/2022,10:00:00,163.15,163.15,163.15,163.15,3500,4637500
RAIN_F2,07/26/2022,10:01:00,163.00,163.00,163.00,163.00,17500,4637500
RAIN_F2,07/26/2022,10:03:00,162.60,162.60,162.60,162.60,3500,4651500
RAIN_F2,07/26/2022,10:04:00,162.50,162.50,162.35,162.35,14000,4651500
RAIN_F2,07/26/2022,10:05:00,162.65,162.65,162.65,162.65,7000,4651500
RAIN_F2,07/26/2022,10:06:00,162.65,162.65,162.65,162.65,3500,4655000
RAIN_F2,07/26/2022,10:08:00,162.60,162.60,162.60,162.60,3500,4658500
RAIN_F2,07/26/2022,10:10:00,162.60,162.60,162.60,162.60,3500,4658500
RAIN_F2,07/26/2022,10:11:00,162.60,162.60,162.60,162.60,3500,4658500
RAIN_F2,07/26/2022,10:12:00,162.60,162.70,162.60,162.70,7000,4665500
RAIN_F2,07/26/2022,10:14:00,162.70,162.70,162.70,162.70,17500,4665500
RAIN_F2,07/26/2022,10:16:00,162.70,162.70,162.70,162.70,3500,4683000
RAIN_F2,07/26/2022,10:18:00,162.70,162.70,162.70,162.70,7000,4686500
RAIN_F2,07/26/2022,10:20:00,162.70,162.70,162.70,162.70,3500,4693500
RAIN_F2,07/26/2022,10:21:00,162.55,162.55,162.55,162.55,3500,4693500
RAIN_F2,07/26/2022,10:22:00,162.35,162.35,162.35,162.35,7000,4693500
RAIN_F2,07/26/2022,10:24:00,162.35,162.35,162.35,162.35,3500,4700500
RAIN_F2,07/26/2022,10:25:00,162.55,162.55,162.55,162.55,3500,4700500
RAIN_F2,07/26/2022,10:28:00,162.55,162.55,162.50,162.50,7000,4704000
RAIN_F2,07/26/2022,10:29:00,162.55,162.55,162.50,162.50,10500,4711000
RAIN_F2,07/26/2022,10:30:00,162.40,162.40,162.40,162.40,3500,4711000
RAIN_F2,07/26/2022,10:31:00,162.20,162.20,162.20,162.20,10500,4711000
RAIN_F2,07/26/2022,10:33:00,161.80,161.80,161.80,161.80,7000,4718000
RAIN_F2,07/26/2022,10:34:00,161.95,162.05,161.95,162.05,14000,4718000
RAIN_F2,07/26/2022,10:35:00,162.05,162.05,162.05,162.05,3500,4714500
RAIN_F2,07/26/2022,10:38:00,162.00,162.00,162.00,162.00,3500,4718000
RAIN_F2,07/26/2022,10:39:00,162.00,162.00,162.00,162.00,7000,4718000
RAIN_F2,07/26/2022,10:40:00,162.20,162.20,162.20,162.20,7000,4718000
RAIN_F2,07/26/2022,10:42:00,162.20,162.20,162.20,162.20,3500,4725000
RAIN_F2,07/26/2022,10:43:00,161.80,161.80,161.80,161.80,7000,4725000
RAIN_F2,07/26/2022,10:44:00,161.85,161.85,161.75,161.75,14000,4725000
RAIN_F2,07/26/2022,10:45:00,161.55,161.55,161.55,161.55,3500,4725000
RAIN_F2,07/26/2022,10:46:00,161.55,161.55,161.55,161.55,3500,4725000
RAIN_F2,07/26/2022,10:47:00,161.55,161.55,161.55,161.55,14000,4728500
RAIN_F2,07/26/2022,10:48:00,161.55,161.55,161.25,161.25,10500,4728500
RAIN_F2,07/26/2022,10:50:00,161.00,161.00,161.00,161.00,7000,4728500
RAIN_F2,07/26/2022,10:51:00,161.00,161.00,161.00,161.00,3500,4728500
RAIN_F2,07/26/2022,10:52:00,161.00,161.20,161.00,161.20,7000,4728500
RAIN_F2,07/26/2022,10:54:00,161.20,161.20,161.20,161.20,3500,4735500
RAIN_F2,07/26/2022,10:56:00,161.20,161.20,161.20,161.20,3500,4739000
RAIN_F2,07/26/2022,10:57:00,161.20,161.20,161.20,161.20,7000,4739000
RAIN_F2,07/26/2022,10:58:00,161.20,161.20,161.20,161.20,3500,4739000
RAIN_F2,07/26/2022,11:00:00,161.20,161.20,161.20,161.20,3500,4746000
RAIN_F2,07/26/2022,11:02:00,161.20,161.20,161.20,161.20,3500,4746000
RAIN_F2,07/26/2022,11:05:00,161.00,161.00,161.00,161.00,10500,4756500
RAIN_F2,07/26/2022,11:07:00,160.75,160.75,160.75,160.75,7000,4756500
RAIN_F2,07/26/2022,11:08:00,160.30,160.30,160.30,160.30,21000,4756500
RAIN_F2,07/26/2022,11:09:00,160.35,160.35,160.35,160.35,3500,4774000
RAIN_F2,07/26/2022,11:11:00,160.35,160.35,160.35,160.35,3500,4774000
RAIN_F2,07/26/2022,11:13:00,160.35,160.35,160.35,160.35,35000,4774000
RAIN_F2,07/26/2022,11:14:00,160.35,160.35,160.30,160.30,10500,4774000
RAIN_F2,07/26/2022,11:18:00,160.30,160.30,160.30,160.30,3500,4788000
RAIN_F2,07/26/2022,11:19:00,160.30,160.30,160.30,160.30,3500,4788000
RAIN_F2,07/26/2022,11:22:00,160.65,160.65,160.65,160.65,3500,4795000
RAIN_F2,07/26/2022,11:23:00,160.40,160.40,160.40,160.40,3500,4795000
RAIN_F2,07/26/2022,11:24:00,160.40,160.40,160.40,160.40,3500,4795000
RAIN_F2,07/26/2022,11:25:00,160.30,160.30,160.30,160.30,3500,4805500
RAIN_F2,07/26/2022,11:26:00,160.30,160.30,160.30,160.30,3500,4805500
RAIN_F2,07/26/2022,11:27:00,160.30,160.30,160.30,160.30,7000,4809000
RAIN_F2,07/26/2022,11:29:00,160.60,160.60,160.60,160.60,112000,4917500
RAIN_F2,07/26/2022,11:30:00,160.60,160.60,160.35,160.35,17500,4917500
RAIN_F2,07/26/2022,11:31:00,160.35,160.35,160.35,160.35,3500,4917500
RAIN_F2,07/26/2022,11:33:00,160.35,160.35,160.35,160.35,7000,4931500
RAIN_F2,07/26/2022,11:34:00,160.50,160.50,160.50,160.50,10500,4931500
RAIN_F2,07/26/2022,11:35:00,160.50,160.50,160.50,160.50,3500,4931500
RAIN_F2,07/26/2022,11:36:00,160.50,160.50,160.50,160.50,14000,4952500
RAIN_F2,07/26/2022,11:37:00,160.50,160.50,160.50,160.50,3500,4952500
RAIN_F2,07/26/2022,11:41:00,160.40,160.40,160.40,160.40,3500,4963000
RAIN_F2,07/26/2022,11:42:00,160.40,160.40,160.40,160.40,3500,4963000
RAIN_F2,07/26/2022,11:43:00,160.30,160.30,160.30,160.30,7000,4970000
RAIN_F2,07/26/2022,11:47:00,160.30,160.30,160.30,160.30,3500,4970000
RAIN_F2,07/26/2022,11:49:00,160.30,160.30,160.30,160.30,3500,4973500
RAIN_F2,07/26/2022,11:50:00,160.30,160.30,160.30,160.30,3500,4973500
RAIN_F2,07/26/2022,11:54:00,160.20,160.20,160.20,160.20,14000,4984000
RAIN_F2,07/26/2022,11:55:00,160.20,160.20,160.20,160.20,3500,4984000
RAIN_F2,07/26/2022,11:57:00,160.65,160.65,160.65,160.65,3500,4984000
RAIN_F2,07/26/2022,11:58:00,160.90,160.90,160.90,160.90,14000,4984000
RAIN_F2,07/26/2022,11:59:00,161.00,161.00,161.00,161.00,3500,4984000
RAIN_F2,07/26/2022,12:00:00,161.00,161.00,161.00,161.00,3500,4984000
RAIN_F2,07/26/2022,12:01:00,161.00,161.00,161.00,161.00,3500,4998000
RAIN_F2,07/26/2022,12:02:00,161.20,161.20,161.05,161.05,17500,4998000
RAIN_F2,07/26/2022,12:04:00,161.40,161.40,161.40,161.40,3500,5015500
RAIN_F2,07/26/2022,12:05:00,161.40,161.40,161.40,161.40,7000,5015500
RAIN_F2,07/26/2022,12:06:00,161.40,161.40,161.40,161.40,3500,5019000
RAIN_F2,07/26/2022,12:07:00,161.40,161.40,161.40,161.40,3500,5019000
RAIN_F2,07/26/2022,12:10:00,161.40,161.40,161.00,161.00,52500,5026000
RAIN_F2,07/26/2022,12:11:00,161.00,161.00,161.00,161.00,3500,5026000
RAIN_F2,07/26/2022,12:12:00,161.00,161.00,161.00,161.00,3500,5047000
RAIN_F2,07/26/2022,12:13:00,160.75,161.00,160.75,161.00,14000,5047000
RAIN_F2,07/26/2022,12:17:00,161.00,161.00,161.00,161.00,3500,5054000
RAIN_F2,07/26/2022,12:18:00,160.70,160.70,160.70,160.70,3500,5054000
RAIN_F2,07/26/2022,12:19:00,160.70,160.70,160.70,160.70,3500,5061000
RAIN_F2,07/26/2022,12:20:00,160.70,160.70,160.70,160.70,3500,5061000
RAIN_F2,07/26/2022,12:23:00,160.70,160.70,160.70,160.70,3500,5068000
RAIN_F2,07/26/2022,12:25:00,160.70,160.70,160.70,160.70,3500,5071500
RAIN_F2,07/26/2022,12:27:00,161.10,161.10,161.10,161.10,3500,5075000
RAIN_F2,07/26/2022,12:29:00,161.25,161.25,161.25,161.25,10500,5075000
RAIN_F2,07/26/2022,12:30:00,161.40,161.40,161.40,161.40,3500,5085500
RAIN_F2,07/26/2022,12:31:00,161.45,161.45,161.45,161.45,7000,5085500
RAIN_F2,07/26/2022,12:32:00,161.85,161.85,161.85,161.85,14000,5085500
RAIN_F2,07/26/2022,12:34:00,161.55,161.55,161.55,161.55,3500,5096000
RAIN_F2,07/26/2022,12:35:00,161.55,161.55,161.55,161.55,35000,5096000
RAIN_F2,07/26/2022,12:36:00,161.55,161.55,161.55,161.55,7000,5096000
RAIN_F2,07/26/2022,12:37:00,161.55,161.55,161.55,161.55,3500,5092500
RAIN_F2,07/26/2022,12:38:00,161.55,161.55,161.55,161.55,3500,5092500
RAIN_F2,07/26/2022,12:40:00,161.50,161.50,161.50,161.50,17500,5099500
RAIN_F2,07/26/2022,12:41:00,161.50,161.50,161.50,161.50,3500,5099500
RAIN_F2,07/26/2022,12:42:00,161.40,161.45,161.40,161.45,7000,5096000
RAIN_F2,07/26/2022,12:43:00,161.30,161.30,161.30,161.30,7000,5096000
RAIN_F2,07/26/2022,12:44:00,161.50,161.50,161.50,161.50,3500,5096000
RAIN_F2,07/26/2022,12:46:00,161.30,161.30,161.30,161.30,3500,5110000
RAIN_F2,07/26/2022,12:47:00,161.30,161.30,161.30,161.30,3500,5110000
RAIN_F2,07/26/2022,12:49:00,161.40,161.40,161.40,161.40,7000,5113500
RAIN_F2,07/26/2022,12:50:00,161.25,161.25,161.25,161.25,7000,5113500
RAIN_F2,07/26/2022,12:53:00,161.25,161.25,161.25,161.25,3500,5124000
RAIN_F2,07/26/2022,12:55:00,161.25,161.25,161.25,161.25,3500,5127500
RAIN_F2,07/26/2022,12:56:00,161.05,161.05,161.05,161.05,3500,5127500
RAIN_F2,07/26/2022,12:58:00,160.90,160.90,160.90,160.90,3500,5134500
RAIN_F2,07/26/2022,12:59:00,160.90,160.90,160.90,160.90,3500,5134500
RAIN_F2,07/26/2022,13:01:00,160.90,160.90,160.90,160.90,3500,5141500
RAIN_F2,07/26/2022,13:05:00,160.95,160.95,160.95,160.95,7000,5145000
RAIN_F2,07/26/2022,13:06:00,161.05,161.05,161.05,161.05,7000,5152000
RAIN_F2,07/26/2022,13:07:00,161.05,161.05,161.05,161.05,3500,5152000
RAIN_F2,07/26/2022,13:09:00,161.05,161.05,161.05,161.05,10500,5152000
RAIN_F2,07/26/2022,13:12:00,161.05,161.05,161.05,161.05,14000,5152000
RAIN_F2,07/26/2022,13:13:00,161.05,161.05,161.05,161.05,3500,5159000
RAIN_F2,07/26/2022,13:14:00,161.05,161.05,161.05,161.05,3500,5159000
RAIN_F2,07/26/2022,13:15:00,161.05,161.05,161.05,161.05,7000,5162500
RAIN_F2,07/26/2022,13:19:00,161.05,161.05,161.00,161.00,14000,5166000
RAIN_F2,07/26/2022,13:20:00,161.00,161.00,161.00,161.00,3500,5166000
RAIN_F2,07/26/2022,13:21:00,161.00,161.00,161.00,161.00,3500,5180000
RAIN_F2,07/26/2022,13:25:00,160.85,160.85,160.85,160.85,7000,5183500
RAIN_F2,07/26/2022,13:26:00,160.85,160.85,160.85,160.85,3500,5183500
RAIN_F2,07/26/2022,13:27:00,160.85,160.85,160.85,160.85,3500,5194000
RAIN_F2,07/26/2022,13:29:00,161.15,161.15,161.15,161.15,3500,5194000
RAIN_F2,07/26/2022,13:31:00,161.15,161.15,161.15,161.15,3500,5201000
RAIN_F2,07/26/2022,13:33:00,161.15,161.15,161.15,161.15,3500,5204500
RAIN_F2,07/26/2022,13:37:00,161.15,161.15,161.15,161.15,3500,5208000
RAIN_F2,07/26/2022,13:39:00,161.15,161.15,161.15,161.15,10500,5215000
RAIN_F2,07/26/2022,13:43:00,160.50,160.50,160.50,160.50,7000,5215000
RAIN_F2,07/26/2022,13:44:00,160.30,160.30,160.30,160.30,10500,5215000
RAIN_F2,07/26/2022,13:45:00,160.30,160.30,160.30,160.30,14000,5201000
RAIN_F2,07/26/2022,13:46:00,160.40,160.40,160.40,160.40,3500,5201000
RAIN_F2,07/26/2022,13:47:00,160.25,160.25,160.25,160.25,7000,5201000
RAIN_F2,07/26/2022,13:49:00,160.25,160.25,159.95,159.95,24500,5208000
RAIN_F2,07/26/2022,13:50:00,159.85,159.85,159.85,159.85,10500,5208000
RAIN_F2,07/26/2022,13:51:00,160.00,160.00,160.00,160.00,7000,5208000
RAIN_F2,07/26/2022,13:52:00,160.00,160.00,160.00,160.00,3500,5211500
RAIN_F2,07/26/2022,13:54:00,159.90,159.90,159.90,159.90,17500,5215000
RAIN_F2,07/26/2022,14:00:00,159.55,159.55,159.55,159.55,7000,5218500
RAIN_F2,07/26/2022,14:01:00,159.45,159.45,159.45,159.45,14000,5222000
RAIN_F2,07/26/2022,14:03:00,159.25,159.25,159.25,159.25,7000,5225500
RAIN_F2,07/26/2022,14:04:00,159.10,159.10,159.10,159.10,3500,5225500
RAIN_F2,07/26/2022,14:06:00,159.10,159.10,159.10,159.10,7000,5225500
RAIN_F2,07/26/2022,14:10:00,158.95,158.95,158.95,158.95,3500,5229000
RAIN_F2,07/26/2022,14:11:00,159.10,159.10,159.10,159.10,3500,5229000
RAIN_F2,07/26/2022,14:13:00,159.30,159.30,159.30,159.30,14000,5232500
RAIN_F2,07/26/2022,14:14:00,159.30,159.30,159.30,159.30,3500,5232500
RAIN_F2,07/26/2022,14:17:00,159.35,159.35,159.35,159.35,3500,5239500
RAIN_F2,07/26/2022,14:19:00,159.45,159.45,159.45,159.45,3500,5239500
RAIN_F2,07/26/2022,14:20:00,159.20,159.20,159.00,159.00,14000,5239500
RAIN_F2,07/26/2022,14:21:00,159.00,159.00,158.90,158.90,7000,5239500
RAIN_F2,07/26/2022,14:26:00,158.90,158.90,158.60,158.60,7000,5246500
RAIN_F2,07/26/2022,14:27:00,158.75,158.75,158.75,158.75,10500,5246500
RAIN_F2,07/26/2022,14:28:00,158.75,158.75,158.75,158.75,3500,5243000
RAIN_F2,07/26/2022,14:29:00,158.90,158.90,158.90,158.90,3500,5243000
RAIN_F2,07/26/2022,14:32:00,158.80,158.80,158.80,158.80,7000,5243000
RAIN_F2,07/26/2022,14:33:00,158.75,158.75,158.75,158.75,14000,5243000
RAIN_F2,07/26/2022,14:34:00,158.90,158.95,158.90,158.95,24500,5253500
RAIN_F2,07/26/2022,14:35:00,159.00,159.00,159.00,159.00,3500,5253500
RAIN_F2,07/26/2022,14:36:00,159.10,159.10,159.10,159.10,3500,5260500
RAIN_F2,07/26/2022,14:37:00,159.25,159.25,159.05,159.05,14000,5260500
RAIN_F2,07/26/2022,14:40:00,158.75,158.75,158.70,158.70,7000,5274500
RAIN_F2,07/26/2022,14:43:00,158.50,158.50,158.30,158.30,10500,5271000
RAIN_F2,07/26/2022,14:45:00,158.30,158.30,158.30,158.30,3500,5271000
RAIN_F2,07/26/2022,14:46:00,158.30,158.30,158.25,158.25,28000,5274500
RAIN_F2,07/26/2022,14:49:00,158.25,158.25,158.25,158.25,17500,5285000
RAIN_F2,07/26/2022,14:53:00,158.25,158.25,158.25,158.25,3500,5302500
RAIN_F2,07/26/2022,14:55:00,158.65,158.65,158.65,158.65,21000,5306000
RAIN_F2,07/26/2022,14:56:00,158.90,158.90,158.90,158.90,21000,5306000
RAIN_F2,07/26/2022,14:57:00,158.90,158.90,158.70,158.70,7000,5306000
RAIN_F2,07/26/2022,14:59:00,158.55,158.55,158.45,158.45,21000,5330500
RAIN_F2,07/26/2022,15:00:00,158.45,158.45,158.45,158.45,3500,5334000
RAIN_F2,07/26/2022,15:02:00,158.50,158.50,158.50,158.50,7000,5334000
RAIN_F2,07/26/2022,15:03:00,158.45,158.45,158.45,158.45,3500,5334000
RAIN_F2,07/26/2022,15:04:00,158.50,158.50,158.50,158.50,3500,5341000
RAIN_F2,07/26/2022,15:05:00,158.45,158.45,158.45,158.45,3500,5341000
RAIN_F2,07/26/2022,15:07:00,158.80,158.80,158.80,158.80,3500,5341000
RAIN_F2,07/26/2022,15:09:00,158.90,158.90,158.90,158.90,7000,5341000
RAIN_F2,07/26/2022,15:10:00,159.10,159.10,159.10,159.10,10500,5344500
RAIN_F2,07/26/2022,15:14:00,159.10,159.10,159.10,159.10,7000,5337500
RAIN_F2,07/26/2022,15:19:00,159.15,159.15,159.15,159.15,3500,5341000
RAIN_F2,07/26/2022,15:20:00,159.05,159.05,159.05,159.05,3500,5341000
RAIN_F2,07/26/2022,15:22:00,159.25,159.30,159.25,159.30,28000,5334000
RAIN_F2,07/26/2022,15:23:00,159.40,159.40,159.40,159.40,7000,5334000
RAIN_F2,07/26/2022,15:25:00,159.40,159.40,159.40,159.40,7000,5351500
RAIN_F2,07/26/2022,15:26:00,159.50,159.50,159.50,159.50,7000,5351500
RAIN_F2,07/26/2022,15:28:00,159.60,159.60,159.60,159.60,3500,5344500
RAIN_F2,07/26/2022,15:29:00,159.75,159.75,159.75,159.75,24500,5344500
RAIN_F2,07/27/2022,09:15:00,159.95,159.95,159.95,159.95,3501,5299000
RAIN_F2,07/27/2022,09:17:00,159.00,159.00,159.00,159.00,42000,5299000
RAIN_F2,07/27/2022,09:18:00,159.00,159.70,159.00,159.50,28000,5306000
RAIN_F2,07/27/2022,09:20:00,159.70,159.70,159.70,159.70,14000,5306000
RAIN_F2,07/27/2022,09:21:00,159.70,159.80,159.70,159.80,21000,5337500
RAIN_F2,07/27/2022,09:22:00,159.95,160.25,159.95,160.25,31500,5337500
RAIN_F2,07/27/2022,09:23:00,160.50,160.50,160.50,160.50,14000,5337500
RAIN_F2,07/27/2022,09:24:00,160.30,160.30,160.30,160.30,3500,5355000
RAIN_F2,07/27/2022,09:25:00,160.25,160.25,160.25,160.25,24500,5355000
RAIN_F2,07/27/2022,09:27:00,160.25,161.25,160.25,161.25,49000,5355000
RAIN_F2,07/27/2022,09:28:00,161.35,161.35,161.35,161.35,35000,5355000
RAIN_F2,07/27/2022,09:29:00,161.00,161.00,161.00,161.00,3500,5355000
RAIN_F2,07/27/2022,09:31:00,160.80,160.80,160.60,160.60,7000,5376000
RAIN_F2,07/27/2022,09:32:00,160.95,160.95,160.95,160.95,21000,5376000
RAIN_F2,07/27/2022,09:33:00,161.00,161.00,161.00,161.00,35000,5369000
RAIN_F2,07/27/2022,09:34:00,161.15,161.30,161.15,161.30,59500,5369000
RAIN_F2,07/27/2022,09:35:00,161.50,161.50,161.50,161.50,7000,5369000
RAIN_F2,07/27/2022,09:36:00,161.80,161.80,161.80,161.80,56000,5428500
RAIN_F2,07/27/2022,09:37:00,161.95,161.95,161.95,161.95,14000,5428500
RAIN_F2,07/27/2022,09:38:00,161.95,161.95,161.95,161.95,7000,5428500
RAIN_F2,07/27/2022,09:39:00,161.95,162.00,161.95,162.00,56000,5470500
RAIN_F2,07/27/2022,09:40:00,162.00,162.00,162.00,162.00,7000,5470500
RAIN_F2,07/27/2022,09:42:00,161.70,161.85,161.70,161.85,45500,5491500
RAIN_F2,07/27/2022,09:46:00,161.60,161.60,161.60,161.60,3500,5523000
RAIN_F2,07/27/2022,09:47:00,161.85,161.85,161.85,161.85,3500,5523000
RAIN_F2,07/27/2022,09:48:00,161.45,161.45,161.45,161.45,10500,5523000
RAIN_F2,07/27/2022,09:49:00,161.50,161.50,161.45,161.45,14000,5523000
RAIN_F2,07/27/2022,09:51:00,161.65,161.65,161.65,161.65,3500,5523000
RAIN_F2,07/27/2022,09:52:00,161.85,161.85,161.85,161.85,10500,5523000
RAIN_F2,07/27/2022,09:55:00,162.20,162.20,162.20,162.20,3500,5530000
RAIN_F2,07/27/2022,09:57:00,162.40,162.40,162.40,162.40,7000,5533500
RAIN_F2,07/27/2022,09:58:00,162.40,162.40,162.40,162.40,10500,5533500
RAIN_F2,07/27/2022,09:59:00,162.10,162.10,162.10,162.10,3500,5533500
RAIN_F2,07/27/2022,10:01:00,162.10,162.10,162.10,162.10,7000,5551000
RAIN_F2,07/27/2022,10:04:00,162.60,162.60,162.60,162.60,3500,5558000
RAIN_F2,07/27/2022,10:05:00,162.60,162.60,162.60,162.60,3500,5558000
RAIN_F2,07/27/2022,10:06:00,162.70,162.75,162.70,162.75,17500,5558000
RAIN_F2,07/27/2022,10:07:00,162.90,162.90,162.90,162.90,14000,5558000
RAIN_F2,07/27/2022,10:08:00,163.05,163.05,163.05,163.05,28000,5558000
RAIN_F2,07/27/2022,10:09:00,163.10,163.10,163.10,163.10,3500,5558000
RAIN_F2,07/27/2022,10:10:00,163.10,163.10,163.10,163.10,7000,5558000
RAIN_F2,07/27/2022,10:12:00,163.10,163.10,163.10,163.10,17500,5568500
RAIN_F2,07/27/2022,10:13:00,162.55,162.55,162.55,162.55,3500,5568500
RAIN_F2,07/27/2022,10:15:00,162.65,162.75,162.65,162.75,14000,5589500
RAIN_F2,07/27/2022,10:16:00,162.75,162.75,162.75,162.75,3500,5589500
RAIN_F2,07/27/2022,10:17:00,162.75,163.10,162.75,163.10,7000,5589500
RAIN_F2,07/27/2022,10:18:00,163.50,163.50,163.50,163.50,21000,5589500
RAIN_F2,07/27/2022,10:19:00,163.75,163.75,163.70,163.70,28000,5589500
RAIN_F2,07/27/2022,10:20:00,163.70,163.70,163.70,163.70,7000,5589500
RAIN_F2,07/27/2022,10:21:00,163.70,163.90,163.70,163.90,24500,5589500
RAIN_F2,07/27/2022,10:22:00,164.00,164.05,163.70,164.05,52500,5589500
RAIN_F2,07/27/2022,10:24:00,164.50,164.50,164.50,164.50,24500,5596500
RAIN_F2,07/27/2022,10:25:00,164.50,164.50,164.05,164.05,42000,5596500
RAIN_F2,07/27/2022,10:26:00,164.20,164.20,164.20,164.20,3500,5596500
RAIN_F2,07/27/2022,10:27:00,164.25,164.25,164.25,164.25,7000,5607000
RAIN_F2,07/27/2022,10:28:00,164.45,164.95,164.45,164.95,49000,5607000
RAIN_F2,07/27/2022,10:29:00,165.40,165.40,165.15,165.15,42000,5607000
RAIN_F2,07/27/2022,10:30:00,165.00,165.00,164.90,164.90,35000,5610500
RAIN_F2,07/27/2022,10:31:00,164.50,164.50,164.50,164.50,24500,5610500
RAIN_F2,07/27/2022,10:32:00,164.75,164.75,164.75,164.75,7000,5610500
RAIN_F2,07/27/2022,10:33:00,164.55,164.75,164.55,164.75,14000,5628000
RAIN_F2,07/27/2022,10:34:00,164.70,164.95,164.70,164.95,35000,5628000
RAIN_F2,07/27/2022,10:35:00,165.00,165.00,165.00,165.00,14000,5628000
RAIN_F2,07/27/2022,10:36:00,164.80,165.05,164.80,165.05,14000,5631500
RAIN_F2,07/27/2022,10:37:00,165.90,166.00,165.00,165.00,245000,5631500
RAIN_F2,07/27/2022,10:38:00,165.00,165.50,165.00,165.50,84000,5687500
RAIN_F2,07/27/2022,10:39:00,165.50,165.75,165.50,165.75,49000,5687500
RAIN_F2,07/27/2022,10:40:00,165.65,165.65,165.65,165.65,10500,5687500
RAIN_F2,07/27/2022,10:41:00,165.60,165.60,165.45,165.45,24500,5687500
RAIN_F2,07/27/2022,10:42:00,165.55,165.55,165.55,165.55,10500,5719000
RAIN_F2,07/27/2022,10:43:00,165.30,165.30,165.00,165.00,21000,5719000
RAIN_F2,07/27/2022,10:44:00,164.75,164.80,164.75,164.80,42000,5719000
RAIN_F2,07/27/2022,10:45:00,164.80,164.80,164.50,164.50,14000,5743500
RAIN_F2,07/27/2022,10:46:00,164.50,164.50,164.50,164.50,3500,5743500
RAIN_F2,07/27/2022,10:47:00,164.35,164.35,164.00,164.00,112000,5743500
RAIN_F2,07/27/2022,10:48:00,164.10,164.10,164.10,164.10,7000,5729500
RAIN_F2,07/27/2022,10:49:00,164.40,164.40,164.40,164.40,10500,5729500
RAIN_F2,07/27/2022,10:50:00,164.25,164.65,164.25,164.65,7000,5729500
RAIN_F2,07/27/2022,10:51:00,164.65,164.65,164.65,164.65,7000,5726000
RAIN_F2,07/27/2022,10:52:00,164.50,164.50,164.50,164.50,3500,5726000
RAIN_F2,07/27/2022,10:53:00,164.40,164.40,164.40,164.40,10500,5726000
RAIN_F2,07/27/2022,10:54:00,164.40,164.40,164.40,164.40,7000,5743500
RAIN_F2,07/27/2022,10:56:00,164.05,164.05,163.70,163.70,52500,5743500
RAIN_F2,07/27/2022,10:57:00,164.00,164.00,164.00,164.00,7000,5768000
RAIN_F2,07/27/2022,10:59:00,164.00,164.00,164.00,164.00,3500,5768000
RAIN_F2,07/27/2022,11:00:00,164.10,164.10,164.10,164.10,3500,5771500
RAIN_F2,07/27/2022,11:02:00,164.10,164.10,164.10,164.10,3500,5771500
RAIN_F2,07/27/2022,11:03:00,164.05,164.20,164.05,164.10,21000,5778500
RAIN_F2,07/27/2022,11:04:00,164.00,164.00,164.00,164.00,10500,5778500
RAIN_F2,07/27/2022,11:05:00,164.00,164.10,164.00,164.10,7000,5778500
RAIN_F2,07/27/2022,11:07:00,164.00,164.00,163.85,163.85,24500,5803000
RAIN_F2,07/27/2022,11:08:00,163.80,164.00,163.80,164.00,10500,5803000
RAIN_F2,07/27/2022,11:10:00,163.50,163.50,163.50,163.50,10500,5824000
RAIN_F2,07/27/2022,11:11:00,163.50,163.50,163.25,163.25,24500,5824000
RAIN_F2,07/27/2022,11:12:00,163.00,163.00,163.00,163.00,24500,5827500
RAIN_F2,07/27/2022,11:13:00,163.00,163.00,163.00,163.00,14000,5827500
RAIN_F2,07/27/2022,11:14:00,163.25,163.25,163.25,163.25,3500,5827500
RAIN_F2,07/27/2022,11:15:00,163.50,163.50,163.50,163.50,10500,5841500
RAIN_F2,07/27/2022,11:16:00,163.50,163.50,163.50,163.50,3500,5841500
RAIN_F2,07/27/2022,11:18:00,163.75,163.95,163.75,163.95,35000,5845000
RAIN_F2,07/27/2022,11:19:00,163.65,164.10,163.65,163.90,24500,5845000
RAIN_F2,07/27/2022,11:20:00,164.15,164.15,164.15,164.15,17500,5845000
RAIN_F2,07/27/2022,11:22:00,164.50,164.50,164.50,164.50,3500,5880000
RAIN_F2,07/27/2022,11:23:00,164.50,164.50,164.45,164.45,7000,5880000
RAIN_F2,07/27/2022,11:24:00,164.45,164.45,164.45,164.45,3500,5880000
RAIN_F2,07/27/2022,11:25:00,164.25,164.25,164.25,164.25,10500,5887000
RAIN_F2,07/27/2022,11:27:00,164.25,164.25,163.85,163.85,14000,5887000
RAIN_F2,07/27/2022,11:28:00,164.00,164.00,164.00,164.00,7000,5887000
RAIN_F2,07/27/2022,11:30:00,164.00,164.00,163.85,163.95,24500,5897500
RAIN_F2,07/27/2022,11:31:00,163.95,163.95,163.95,163.95,3500,5897500
RAIN_F2,07/27/2022,11:33:00,164.00,164.00,164.00,164.00,7000,5911500
RAIN_F2,07/27/2022,11:34:00,164.00,164.00,163.80,163.80,17500,5911500
RAIN_F2,07/27/2022,11:35:00,163.80,163.80,163.80,163.80,14000,5911500
RAIN_F2,07/27/2022,11:36:00,163.80,163.80,163.80,163.80,3500,5936000
RAIN_F2,07/27/2022,11:38:00,163.80,163.80,163.80,163.80,24500,5936000
RAIN_F2,07/27/2022,11:39:00,164.15,164.15,164.15,164.15,7000,5936000
RAIN_F2,07/27/2022,11:41:00,164.15,164.15,164.15,164.15,7000,5971000
RAIN_F2,07/27/2022,11:42:00,164.15,164.15,164.15,164.15,63000,6034000
RAIN_F2,07/27/2022,11:43:00,164.40,164.40,164.40,164.40,3500,6034000
RAIN_F2,07/27/2022,11:44:00,164.50,164.50,164.30,164.30,10500,6034000
RAIN_F2,07/27/2022,11:45:00,164.00,164.00,164.00,164.00,7000,6034000
RAIN_F2,07/27/2022,11:47:00,164.00,164.00,164.00,164.00,10500,6044500
RAIN_F2,07/27/2022,11:48:00,164.25,164.25,164.25,164.25,14000,6048000
RAIN_F2,07/27/2022,11:49:00,164.15,164.15,164.15,164.15,7000,6048000
RAIN_F2,07/27/2022,11:50:00,164.00,164.00,164.00,164.00,10500,6048000
RAIN_F2,07/27/2022,11:51:00,164.00,164.00,163.95,163.95,24500,6065500
RAIN_F2,07/27/2022,11:52:00,163.95,163.95,163.90,163.90,7000,6065500
RAIN_F2,07/27/2022,11:53:00,164.05,164.05,164.05,164.05,10500,6065500
RAIN_F2,07/27/2022,11:54:00,164.05,164.05,164.05,164.05,3500,6097000
RAIN_F2,07/27/2022,11:55:00,164.05,164.05,164.05,164.05,7000,6097000
RAIN_F2,07/27/2022,11:56:00,164.25,164.25,164.25,164.25,7000,6097000
RAIN_F2,07/27/2022,11:57:00,164.20,164.20,164.20,164.20,10500,6100500
RAIN_F2,07/27/2022,11:58:00,164.25,164.25,164.25,164.25,3500,6100500
RAIN_F2,07/27/2022,12:00:00,164.25,164.25,164.25,164.25,3500,6104000
RAIN_F2,07/27/2022,12:01:00,164.25,164.25,164.00,164.00,7000,6104000
RAIN_F2,07/27/2022,12:02:00,164.00,164.00,164.00,164.00,3500,6104000
RAIN_F2,07/27/2022,12:04:00,163.95,163.95,163.95,163.95,24500,6111000
RAIN_F2,07/27/2022,12:05:00,163.95,163.95,163.95,163.95,3500,6111000
RAIN_F2,07/27/2022,12:06:00,163.95,163.95,163.95,163.95,28000,6125000
RAIN_F2,07/27/2022,12:08:00,163.95,164.10,163.95,164.10,7000,6125000
RAIN_F2,07/27/2022,12:10:00,164.20,164.20,164.20,164.20,10500,6135500
RAIN_F2,07/27/2022,12:11:00,164.15,164.15,164.15,164.15,10500,6135500
RAIN_F2,07/27/2022,12:12:00,164.25,164.25,164.25,164.25,3500,6146000
RAIN_F2,07/27/2022,12:13:00,164.25,164.25,164.25,164.25,3500,6146000
RAIN_F2,07/27/2022,12:14:00,164.20,164.20,164.20,164.20,3500,6146000
RAIN_F2,07/27/2022,12:15:00,164.20,164.20,164.20,164.20,3500,6149500
RAIN_F2,07/27/2022,12:18:00,164.20,164.20,164.05,164.05,21000,6153000
RAIN_F2,07/27/2022,12:20:00,164.05,164.05,164.05,164.05,3500,6153000
RAIN_F2,07/27/2022,12:23:00,164.00,164.00,164.00,164.00,7000,6167000
RAIN_F2,07/27/2022,12:24:00,164.15,164.15,164.00,164.00,14000,6184500
RAIN_F2,07/27/2022,12:25:00,164.00,164.00,164.00,164.00,3500,6184500
RAIN_F2,07/27/2022,12:26:00,164.00,164.00,164.00,164.00,3500,6184500
RAIN_F2,07/27/2022,12:27:00,164.00,164.00,164.00,164.00,10500,6195000
RAIN_F2,07/27/2022,12:28:00,164.00,164.00,164.00,164.00,3500,6195000
RAIN_F2,07/27/2022,12:29:00,163.80,163.80,163.80,163.80,3500,6195000
RAIN_F2,07/27/2022,12:31:00,163.80,163.80,163.80,163.80,3500,6209000
RAIN_F2,07/27/2022,12:33:00,164.00,164.00,164.00,164.00,3500,6209000
RAIN_F2,07/27/2022,12:34:00,163.90,163.90,163.90,163.90,7000,6209000
RAIN_F2,07/27/2022,12:36:00,164.15,164.15,164.15,164.15,28000,6230000
RAIN_F2,07/27/2022,12:39:00,164.05,164.05,164.05,164.05,7000,6230000
RAIN_F2,07/27/2022,12:41:00,164.05,164.05,164.05,164.05,7000,6244000
RAIN_F2,07/27/2022,12:42:00,164.05,164.05,164.05,164.05,7000,6251000
RAIN_F2,07/27/2022,12:43:00,164.15,164.15,164.10,164.10,14000,6251000
RAIN_F2,07/27/2022,12:44:00,164.10,164.10,164.10,164.10,3500,6251000
RAIN_F2,07/27/2022,12:46:00,163.85,163.85,163.85,163.85,3500,6272000
RAIN_F2,07/27/2022,12:47:00,163.85,164.00,163.85,164.00,42000,6272000
RAIN_F2,07/27/2022,12:49:00,164.00,164.00,164.00,164.00,7000,6317500
RAIN_F2,07/27/2022,12:51:00,164.15,164.15,164.15,164.15,3500,6324500
RAIN_F2,07/27/2022,12:52:00,164.15,164.15,164.15,164.15,7000,6324500
RAIN_F2,07/27/2022,12:54:00,164.15,164.15,164.15,164.15,3500,6331500
RAIN_F2,07/27/2022,12:55:00,164.25,164.25,164.25,164.25,7000,6331500
RAIN_F2,07/27/2022,12:56:00,164.40,164.40,164.20,164.20,49000,6331500
RAIN_F2,07/27/2022,12:57:00,164.20,164.20,164.20,164.20,3500,6331500
RAIN_F2,07/27/2022,12:58:00,164.00,164.00,163.85,163.85,10500,6387500
RAIN_F2,07/27/2022,12:59:00,163.85,163.85,163.85,163.85,3500,6387500
RAIN_F2,07/27/2022,13:00:00,163.85,163.85,163.85,163.85,7000,6394500
RAIN_F2,07/27/2022,13:01:00,163.85,163.85,163.85,163.85,3500,6394500
RAIN_F2,07/27/2022,13:02:00,163.85,163.85,163.85,163.85,3500,6394500
RAIN_F2,07/27/2022,13:04:00,163.85,164.05,163.85,164.05,7000,6405000
RAIN_F2,07/27/2022,13:05:00,164.05,164.05,163.85,163.85,14000,6405000
RAIN_F2,07/27/2022,13:06:00,163.95,163.95,163.95,163.95,7000,6415500
RAIN_F2,07/27/2022,13:07:00,163.95,163.95,163.95,163.95,3500,6415500
RAIN_F2,07/27/2022,13:09:00,163.95,164.00,163.95,164.00,7000,6415500
RAIN_F2,07/27/2022,13:10:00,164.00,164.00,164.00,164.00,3500,6422500
RAIN_F2,07/27/2022,13:11:00,163.65,163.65,163.65,163.65,24500,6422500
RAIN_F2,07/27/2022,13:12:00,163.65,163.65,163.65,163.65,14000,6457500
RAIN_F2,07/27/2022,13:13:00,163.70,163.70,163.70,163.70,3500,6457500
RAIN_F2,07/27/2022,13:15:00,163.70,163.70,163.70,163.70,3500,6464500
RAIN_F2,07/27/2022,13:16:00,163.70,163.70,163.70,163.70,10500,6464500
RAIN_F2,07/27/2022,13:17:00,163.85,163.85,163.85,163.85,3500,6464500
RAIN_F2,07/27/2022,13:18:00,163.85,163.85,163.85,163.85,3500,6464500
RAIN_F2,07/27/2022,13:19:00,163.85,163.85,163.70,163.70,7000,6485500
RAIN_F2,07/27/2022,13:20:00,163.70,163.70,163.70,163.70,21000,6485500
RAIN_F2,07/27/2022,13:23:00,163.70,163.70,163.70,163.70,3500,6513500
RAIN_F2,07/27/2022,13:24:00,163.60,163.60,163.60,163.60,7000,6517000
RAIN_F2,07/27/2022,13:25:00,163.60,163.60,163.60,163.60,3500,6517000
RAIN_F2,07/27/2022,13:28:00,163.60,163.60,163.60,163.60,7000,6517000
RAIN_F2,07/27/2022,13:29:00,163.65,163.65,163.65,163.65,7000,6517000
RAIN_F2,07/27/2022,13:30:00,163.60,163.60,163.60,163.60,7000,6527500
RAIN_F2,07/27/2022,13:31:00,163.55,163.55,163.30,163.30,14000,6527500
RAIN_F2,07/27/2022,13:32:00,163.25,163.25,163.25,163.25,7000,6527500
RAIN_F2,07/27/2022,13:33:00,163.25,163.25,163.25,163.25,3500,6524000
RAIN_F2,07/27/2022,13:34:00,163.05,163.05,163.05,163.05,3500,6524000
RAIN_F2,07/27/2022,13:35:00,163.10,163.10,163.00,163.00,28000,6524000
RAIN_F2,07/27/2022,13:36:00,163.00,163.00,162.90,162.90,28000,6541500
RAIN_F2,07/27/2022,13:37:00,162.80,162.80,162.80,162.80,7000,6541500
RAIN_F2,07/27/2022,13:38:00,162.85,163.00,162.85,163.00,10500,6541500
RAIN_F2,07/27/2022,13:39:00,162.90,162.90,162.90,162.90,3500,6541500
RAIN_F2,07/27/2022,13:40:00,162.90,162.90,162.90,162.90,31500,6541500
RAIN_F2,07/27/2022,13:41:00,162.90,162.90,162.90,162.90,3500,6541500
RAIN_F2,07/27/2022,13:42:00,162.90,162.90,162.90,162.90,7000,6576500
RAIN_F2,07/27/2022,13:43:00,162.90,162.90,162.90,162.90,3500,6576500
RAIN_F2,07/27/2022,13:44:00,163.00,163.00,162.95,162.95,7000,6576500
RAIN_F2,07/27/2022,13:45:00,163.05,163.05,163.00,163.00,7000,6587000
RAIN_F2,07/27/2022,13:46:00,163.00,163.00,163.00,163.00,3500,6587000
RAIN_F2,07/27/2022,13:49:00,162.75,162.75,162.75,162.75,7000,6594000
RAIN_F2,07/27/2022,13:50:00,162.90,162.90,162.75,162.75,7000,6594000
RAIN_F2,07/27/2022,13:51:00,162.75,162.75,162.75,162.75,3500,6597500
RAIN_F2,07/27/2022,13:53:00,163.15,163.15,163.15,163.15,3500,6597500
RAIN_F2,07/27/2022,13:54:00,163.15,163.30,163.15,163.30,7000,6604500
RAIN_F2,07/27/2022,13:55:00,163.20,163.20,163.20,163.20,7000,6604500
RAIN_F2,07/27/2022,13:56:00,163.20,163.20,163.20,163.20,7000,6604500
RAIN_F2,07/27/2022,13:57:00,163.20,163.20,163.20,163.20,3500,6604500
RAIN_F2,07/27/2022,13:58:00,163.20,163.20,163.20,163.20,3500,6618500
RAIN_F2,07/27/2022,13:59:00,163.00,163.00,163.00,163.00,70000,6618500
RAIN_F2,07/27/2022,14:02:00,163.00,163.00,163.00,163.00,17500,6632500
RAIN_F2,07/27/2022,14:03:00,163.00,163.25,163.00,163.25,24500,6650000
RAIN_F2,07/27/2022,14:04:00,163.25,163.25,163.25,163.25,38500,6650000
RAIN_F2,07/27/2022,14:07:00,163.20,163.20,163.20,163.20,7000,6664000
RAIN_F2,07/27/2022,14:08:00,163.35,163.35,163.35,163.35,3500,6664000
RAIN_F2,07/27/2022,14:09:00,163.05,163.05,163.05,163.05,17500,6667500
RAIN_F2,07/27/2022,14:10:00,163.05,163.05,163.05,163.05,7000,6667500
RAIN_F2,07/27/2022,14:11:00,162.95,163.05,162.95,163.05,10500,6667500
RAIN_F2,07/27/2022,14:12:00,163.10,163.10,163.10,163.10,35000,6692000
RAIN_F2,07/27/2022,14:13:00,162.70,162.80,162.70,162.80,10500,6692000
RAIN_F2,07/27/2022,14:15:00,162.80,162.80,162.80,162.80,3500,6692000
RAIN_F2,07/27/2022,14:17:00,162.80,162.80,162.80,162.80,3500,6692000
RAIN_F2,07/27/2022,14:19:00,163.05,163.05,163.05,163.05,21000,6709500
RAIN_F2,07/27/2022,14:20:00,163.05,163.05,163.05,163.05,7000,6709500
RAIN_F2,07/27/2022,14:22:00,163.05,163.05,163.05,163.05,3500,6713000
RAIN_F2,07/27/2022,14:24:00,163.00,163.00,163.00,163.00,3500,6713000
RAIN_F2,07/27/2022,14:25:00,163.00,163.00,163.00,163.00,14000,6716500
RAIN_F2,07/27/2022,14:28:00,163.00,163.00,163.00,163.00,3500,6723500
RAIN_F2,07/27/2022,14:29:00,163.05,163.05,163.05,163.05,3500,6723500
RAIN_F2,07/27/2022,14:30:00,163.05,163.05,163.05,163.05,3500,6723500
RAIN_F2,07/27/2022,14:32:00,163.05,163.05,163.05,163.05,10500,6734000
RAIN_F2,07/27/2022,14:33:00,163.05,163.05,163.05,163.05,3500,6734000
RAIN_F2,07/27/2022,14:35:00,163.05,163.05,163.05,163.05,3500,6744500
RAIN_F2,07/27/2022,14:38:00,163.05,163.70,163.05,163.70,24500,6748000
RAIN_F2,07/27/2022,14:39:00,164.05,164.05,164.05,164.05,14000,6748000
RAIN_F2,07/27/2022,14:40:00,164.05,164.05,164.05,164.05,3500,6751500
RAIN_F2,07/27/2022,14:41:00,164.05,164.05,164.05,164.05,3500,6751500
RAIN_F2,07/27/2022,14:42:00,164.00,164.00,163.95,163.95,28000,6758500
RAIN_F2,07/27/2022,14:43:00,163.95,164.05,163.95,164.05,7000,6758500
RAIN_F2,07/27/2022,14:45:00,163.95,163.95,163.95,163.95,3500,6758500
RAIN_F2,07/27/2022,14:46:00,164.20,164.20,164.20,164.20,7000,6769000
RAIN_F2,07/27/2022,14:48:00,164.30,164.30,164.15,164.20,24500,6776000
RAIN_F2,07/27/2022,14:49:00,164.35,164.35,164.35,164.35,7000,6776000
RAIN_F2,07/27/2022,14:50:00,164.10,164.10,164.10,164.10,3500,6776000
RAIN_F2,07/27/2022,14:51:00,164.30,164.35,164.30,164.35,10500,6790000
RAIN_F2,07/27/2022,14:52:00,164.35,164.35,164.35,164.35,3500,6790000
RAIN_F2,07/27/2022,14:53:00,164.15,164.15,164.05,164.05,10500,6790000
RAIN_F2,07/27/2022,14:56:00,164.05,164.05,164.05,164.05,3500,6793500
RAIN_F2,07/27/2022,14:57:00,164.00,164.00,164.00,164.00,10500,6793500
RAIN_F2,07/27/2022,14:58:00,164.00,164.00,164.00,164.00,3500,6804000
RAIN_F2,07/27/2022,14:59:00,164.00,164.00,164.00,164.00,7000,6804000
RAIN_F2,07/27/2022,15:00:00,163.80,163.80,163.80,163.80,7000,6804000
RAIN_F2,07/27/2022,15:01:00,163.80,163.80,163.80,163.80,7000,6811000
RAIN_F2,07/27/2022,15:02:00,163.95,163.95,163.95,163.95,7000,6811000
RAIN_F2,07/27/2022,15:03:00,163.95,164.10,163.95,164.05,17500,6828500
RAIN_F2,07/27/2022,15:04:00,164.05,164.05,164.05,164.05,3500,6828500
RAIN_F2,07/27/2022,15:05:00,164.05,164.30,164.05,164.30,10500,6828500
RAIN_F2,07/27/2022,15:07:00,164.30,164.30,164.30,164.30,3500,6849500
RAIN_F2,07/27/2022,15:08:00,164.15,164.15,164.10,164.10,21000,6849500
RAIN_F2,07/27/2022,15:09:00,164.00,164.00,164.00,164.00,7000,6849500
RAIN_F2,07/27/2022,15:10:00,163.90,163.95,163.90,163.95,14000,6863500
RAIN_F2,07/27/2022,15:11:00,164.00,164.00,164.00,164.00,10500,6863500
RAIN_F2,07/27/2022,15:12:00,164.00,164.05,164.00,164.05,31500,6888000
RAIN_F2,07/27/2022,15:13:00,164.05,164.05,163.85,163.85,14000,6888000
RAIN_F2,07/27/2022,15:14:00,163.85,163.85,163.85,163.85,7000,6888000
RAIN_F2,07/27/2022,15:15:00,163.85,164.05,163.85,164.05,17500,6888000
RAIN_F2,07/27/2022,15:16:00,164.05,164.30,164.05,164.30,59500,6916000
RAIN_F2,07/27/2022,15:17:00,164.20,164.20,164.20,164.20,21000,6916000
RAIN_F2,07/27/2022,15:18:00,164.00,164.00,164.00,164.00,14000,6916000
RAIN_F2,07/27/2022,15:19:00,163.90,164.00,163.90,163.95,21000,6972000
RAIN_F2,07/27/2022,15:20:00,164.00,164.00,164.00,164.00,14000,6972000
RAIN_F2,07/27/2022,15:21:00,164.20,164.20,163.85,163.95,14000,6982500
RAIN_F2,07/27/2022,15:22:00,163.95,163.95,163.95,163.95,17500,6982500
RAIN_F2,07/27/2022,15:23:00,163.75,163.75,163.65,163.65,10500,6982500
RAIN_F2,07/27/2022,15:24:00,163.80,163.80,163.80,163.80,3500,6982500
RAIN_F2,07/27/2022,15:25:00,163.80,163.85,163.80,163.85,10500,7010500
RAIN_F2,07/27/2022,15:26:00,163.85,163.85,163.85,163.85,3500,7010500
RAIN_F2,07/27/2022,15:27:00,163.90,163.90,163.90,163.90,10500,7014000
RAIN_F2,07/27/2022,15:28:00,163.80,163.80,163.80,163.80,3500,7014000
RAIN_F2,07/27/2022,15:29:00,163.80,163.80,163.15,163.15,52500,7014000
RAIN_F2,07/27/2022,15:30:00,163.15,163.15,163.15,163.15,3500,7014000
RAIN_F2,07/28/2022,09:15:00,163.15,165.45,163.05,163.05,17500,6975500
RAIN_F2,07/28/2022,09:16:00,164.95,164.95,164.95,164.95,3500,6975500
RAIN_F2,07/28/2022,09:18:00,163.65,163.65,163.65,163.65,17500,6986000
RAIN_F2,07/28/2022,09:19:00,163.15,163.15,163.15,163.15,3500,6986000
RAIN_F2,07/28/2022,09:20:00,162.35,163.25,162.35,163.25,35000,6986000
RAIN_F2,07/28/2022,09:21:00,163.50,163.50,163.00,163.20,21000,6989500
RAIN_F2,07/28/2022,09:23:00,163.20,163.20,163.10,163.10,17500,6989500
RAIN_F2,07/28/2022,09:24:00,163.50,163.50,163.15,163.15,28000,7000000
RAIN_F2,07/28/2022,09:25:00,163.05,163.05,163.05,163.05,7000,7000000
RAIN_F2,07/28/2022,09:26:00,163.15,163.40,163.15,163.40,24500,7000000
RAIN_F2,07/28/2022,09:30:00,163.25,163.25,163.20,163.20,17500,7003500
RAIN_F2,07/28/2022,09:32:00,163.00,163.00,162.90,162.90,28000,7003500
RAIN_F2,07/28/2022,09:33:00,162.90,162.90,162.90,162.90,3500,7017500
RAIN_F2,07/28/2022,09:34:00,162.85,162.85,162.60,162.60,28000,7017500
RAIN_F2,07/28/2022,09:35:00,162.50,162.60,162.35,162.60,73500,7017500
RAIN_F2,07/28/2022,09:39:00,162.80,162.80,162.80,162.80,7000,7017500
RAIN_F2,07/28/2022,09:41:00,162.50,162.50,162.50,162.50,3500,7017500
RAIN_F2,07/28/2022,09:42:00,162.75,162.75,162.60,162.60,17500,7017500
RAIN_F2,07/28/2022,09:43:00,161.95,161.95,161.95,161.95,49000,7017500
RAIN_F2,07/28/2022,09:44:00,162.70,162.70,162.70,162.70,7000,7017500
RAIN_F2,07/28/2022,09:45:00,162.70,162.70,162.70,162.70,17500,7031500
RAIN_F2,07/28/2022,09:47:00,162.70,162.70,162.70,162.70,3500,7031500
RAIN_F2,07/28/2022,09:48:00,162.90,162.90,162.90,162.90,14000,7049000
RAIN_F2,07/28/2022,09:49:00,163.00,163.00,163.00,163.00,21000,7049000
RAIN_F2,07/28/2022,09:50:00,163.00,163.00,163.00,163.00,7000,7049000
RAIN_F2,07/28/2022,09:51:00,163.00,163.00,163.00,163.00,17500,7080500
RAIN_F2,07/28/2022,09:55:00,163.10,163.10,163.10,163.10,10500,7080500
RAIN_F2,07/28/2022,09:56:00,163.35,163.35,163.35,163.35,21000,7080500
RAIN_F2,07/28/2022,10:00:00,163.55,163.55,163.55,163.55,28000,7066500
RAIN_F2,07/28/2022,10:01:00,163.40,163.55,163.40,163.55,10500,7066500
RAIN_F2,07/28/2022,10:02:00,163.50,163.50,163.50,163.50,7000,7066500
RAIN_F2,07/28/2022,10:03:00,163.40,163.65,163.40,163.65,49000,7091000
RAIN_F2,07/28/2022,10:04:00,163.75,163.75,163.75,163.75,7000,7091000
RAIN_F2,07/28/2022,10:05:00,163.75,163.75,163.45,163.45,14000,7091000
RAIN_F2,07/28/2022,10:06:00,163.55,163.70,163.55,163.70,10500,7112000
RAIN_F2,07/28/2022,10:07:00,163.70,163.70,163.70,163.70,38500,7112000
RAIN_F2,07/28/2022,10:08:00,163.40,163.40,163.40,163.40,49000,7112000
RAIN_F2,07/28/2022,10:09:00,163.60,163.60,163.60,163.60,7000,7154000
RAIN_F2,07/28/2022,10:10:00,163.45,163.45,163.45,163.45,7000,7154000
RAIN_F2,07/28/2022,10:11:00,163.45,163.45,163.45,163.45,3500,7154000
RAIN_F2,07/28/2022,10:12:00,163.45,163.45,163.45,163.45,3500,7154000
RAIN_F2,07/28/2022,10:14:00,163.40,163.40,163.40,163.40,24500,7154000
RAIN_F2,07/28/2022,10:16:00,163.40,163.40,163.40,163.40,7000,7178500
RAIN_F2,07/28/2022,10:18:00,163.40,163.40,163.40,163.40,3500,7182000
RAIN_F2,07/28/2022,10:19:00,163.50,163.50,163.50,163.50,3500,7182000
RAIN_F2,07/28/2022,10:21:00,163.50,163.50,163.50,163.50,21000,7185500
RAIN_F2,07/28/2022,10:22:00,163.50,163.50,163.50,163.50,3500,7185500
RAIN_F2,07/28/2022,10:24:00,163.50,163.50,163.20,163.20,10500,7213500
RAIN_F2,07/28/2022,10:25:00,163.05,163.05,163.05,163.05,3500,7213500
RAIN_F2,07/28/2022,10:26:00,163.05,163.05,163.05,163.05,3500,7213500
RAIN_F2,07/28/2022,10:27:00,163.20,163.20,163.20,163.20,7000,7220500
RAIN_F2,07/28/2022,10:28:00,163.00,163.00,163.00,163.00,21000,7220500
RAIN_F2,07/28/2022,10:30:00,162.90,162.90,162.90,162.90,17500,7220500
RAIN_F2,07/28/2022,10:31:00,162.90,162.90,162.90,162.90,49000,7231000
RAIN_F2,07/28/2022,10:33:00,163.00,163.00,163.00,163.00,7000,7231000
RAIN_F2,07/28/2022,10:36:00,163.00,163.00,163.00,163.00,3500,7290500
RAIN_F2,07/28/2022,10:37:00,163.25,163.25,163.25,163.25,3500,7290500
RAIN_F2,07/28/2022,10:39:00,163.65,163.65,163.65,163.65,49000,7290500
RAIN_F2,07/28/2022,10:40:00,163.75,164.55,163.75,164.45,140000,7290500
RAIN_F2,07/28/2022,10:41:00,164.45,164.50,164.45,164.50,14000,7290500
RAIN_F2,07/28/2022,10:42:00,164.60,164.70,164.60,164.70,59500,7399000
RAIN_F2,07/28/2022,10:43:00,164.90,164.90,164.90,164.90,7000,7399000
RAIN_F2,07/28/2022,10:44:00,165.00,165.30,165.00,165.30,56000,7399000
RAIN_F2,07/28/2022,10:45:00,164.90,164.90,164.90,164.90,24500,7458500
RAIN_F2,07/28/2022,10:46:00,164.90,164.90,164.90,164.90,10500,7458500
RAIN_F2,07/28/2022,10:47:00,164.90,164.90,164.90,164.90,14000,7458500
RAIN_F2,07/28/2022,10:48:00,164.85,164.85,164.80,164.80,10500,7490000
RAIN_F2,07/28/2022,10:49:00,164.80,164.80,164.80,164.80,3500,7490000
RAIN_F2,07/28/2022,10:50:00,164.80,164.80,164.75,164.75,66500,7490000
RAIN_F2,07/28/2022,10:52:00,164.80,164.80,164.80,164.80,3500,7542500
RAIN_F2,07/28/2022,10:53:00,165.00,165.00,165.00,165.00,7000,7542500
RAIN_F2,07/28/2022,10:56:00,165.00,165.10,165.00,165.10,17500,7539000
RAIN_F2,07/28/2022,10:57:00,165.30,165.30,165.30,165.30,31500,7542500
RAIN_F2,07/28/2022,10:58:00,165.30,165.30,165.30,165.30,3500,7542500
RAIN_F2,07/28/2022,10:59:00,165.30,165.30,165.20,165.20,7000,7542500
RAIN_F2,07/28/2022,11:02:00,165.20,165.20,165.10,165.10,17500,7563500
RAIN_F2,07/28/2022,11:03:00,165.05,165.05,165.05,165.05,3500,7577500
RAIN_F2,07/28/2022,11:04:00,165.05,165.20,165.05,165.20,45500,7577500
RAIN_F2,07/28/2022,11:05:00,165.30,165.30,165.30,165.30,10500,7577500
RAIN_F2,07/28/2022,11:06:00,165.30,165.30,165.30,165.30,3500,7577500
RAIN_F2,07/28/2022,11:07:00,165.15,165.15,165.15,165.15,3500,7616000
RAIN_F2,07/28/2022,11:08:00,165.00,165.00,165.00,165.00,10500,7616000
RAIN_F2,07/28/2022,11:09:00,164.90,164.90,164.90,164.90,7000,7630000
RAIN_F2,07/28/2022,11:10:00,165.00,165.00,165.00,165.00,7000,7630000
RAIN_F2,07/28/2022,11:12:00,165.00,165.00,165.00,165.00,3500,7640500
RAIN_F2,07/28/2022,11:13:00,165.05,165.05,165.05,165.05,10500,7640500
RAIN_F2,07/28/2022,11:14:00,165.05,165.05,165.05,165.05,3500,7640500
RAIN_F2,07/28/2022,11:15:00,164.95,164.95,164.95,164.95,7000,7640500
RAIN_F2,07/28/2022,11:16:00,165.10,165.10,165.10,165.10,3500,7651000
RAIN_F2,07/28/2022,11:17:00,164.80,164.80,164.80,164.80,14000,7651000
RAIN_F2,07/28/2022,11:20:00,164.65,164.65,164.65,164.65,28000,7665000
RAIN_F2,07/28/2022,11:23:00,164.55,164.55,164.55,164.55,3500,7668500
RAIN_F2,07/28/2022,11:28:00,164.40,164.45,164.40,164.45,10500,7668500
RAIN_F2,07/28/2022,11:29:00,164.40,164.40,164.40,164.40,7000,7668500
RAIN_F2,07/28/2022,11:30:00,164.40,164.40,164.40,164.40,3500,7668500
RAIN_F2,07/28/2022,11:31:00,164.45,164.45,164.45,164.45,7000,7679000
RAIN_F2,07/28/2022,11:35:00,164.55,164.55,164.55,164.55,28000,7686000
RAIN_F2,07/28/2022,11:36:00,164.65,164.65,164.60,164.60,14000,7686000
RAIN_F2,07/28/2022,11:39:00,164.60,164.60,164.50,164.50,14000,7693000
RAIN_F2,07/28/2022,11:40:00,164.45,164.45,164.15,164.15,42000,7693000
RAIN_F2,07/28/2022,11:41:00,163.85,163.85,163.85,163.85,80500,7693000
RAIN_F2,07/28/2022,11:42:00,163.85,163.85,163.85,163.85,35000,7728000
RAIN_F2,07/28/2022,11:43:00,164.20,164.20,164.10,164.10,10500,7728000
RAIN_F2,07/28/2022,11:45:00,164.35,164.35,164.35,164.35,3500,7770000
RAIN_F2,07/28/2022,11:46:00,164.35,164.35,164.35,164.35,35000,7770000
RAIN_F2,07/28/2022,11:47:00,164.35,164.35,164.35,164.35,7000,7770000
RAIN_F2,07/28/2022,11:50:00,164.40,164.40,164.40,164.40,7000,7812000
RAIN_F2,07/28/2022,11:51:00,164.25,164.25,164.25,164.25,14000,7822500
RAIN_F2,07/28/2022,11:52:00,164.25,164.45,164.25,164.45,28000,7822500
RAIN_F2,07/28/2022,11:55:00,164.40,164.40,164.40,164.40,3500,7850500
RAIN_F2,07/28/2022,11:59:00,164.05,164.05,164.05,164.05,7000,7854000
RAIN_F2,07/28/2022,12:00:00,163.70,163.70,163.65,163.65,28000,7861000
RAIN_F2,07/28/2022,12:01:00,163.65,164.10,163.65,164.10,38500,7861000
RAIN_F2,07/28/2022,12:02:00,164.00,164.00,164.00,164.00,3500,7861000
RAIN_F2,07/28/2022,12:03:00,164.00,164.00,164.00,164.00,3500,7892500
RAIN_F2,07/28/2022,12:04:00,163.85,163.85,163.85,163.85,10500,7892500
RAIN_F2,07/28/2022,12:05:00,163.85,163.85,163.85,163.85,3500,7892500
RAIN_F2,07/28/2022,12:08:00,163.85,163.85,163.85,163.85,7000,7892500
RAIN_F2,07/28/2022,12:14:00,164.10,164.10,164.10,164.10,31500,7889000
RAIN_F2,07/28/2022,12:19:00,163.80,163.80,163.80,163.80,24500,7899500
RAIN_F2,07/28/2022,12:24:00,163.70,163.80,163.70,163.80,14000,7906500
RAIN_F2,07/28/2022,12:27:00,163.55,163.55,163.55,163.55,7000,7906500
RAIN_F2,07/28/2022,12:29:00,163.50,163.50,163.50,163.50,3500,7906500
RAIN_F2,07/28/2022,12:31:00,163.65,163.65,163.65,163.65,3500,7910000
RAIN_F2,07/28/2022,12:32:00,163.80,163.80,163.80,163.80,10500,7910000
RAIN_F2,07/28/2022,12:33:00,163.80,163.80,163.80,163.80,35000,7910000
RAIN_F2,07/28/2022,12:35:00,163.55,163.55,163.40,163.40,17500,7955500
RAIN_F2,07/28/2022,12:36:00,163.35,163.35,163.35,163.35,7000,7955500
RAIN_F2,07/28/2022,12:38:00,163.40,163.60,163.40,163.60,17500,7973000
RAIN_F2,07/28/2022,12:40:00,163.60,163.60,163.60,163.60,3500,7976500
RAIN_F2,07/28/2022,12:45:00,163.40,163.40,163.40,163.40,10500,7976500
RAIN_F2,07/28/2022,12:47:00,163.25,163.25,163.25,163.25,10500,7976500
RAIN_F2,07/28/2022,12:50:00,163.20,163.25,163.20,163.25,10500,7973000
RAIN_F2,07/28/2022,12:52:00,163.20,163.30,163.20,163.30,10500,7980000
RAIN_F2,07/28/2022,12:53:00,163.35,163.40,163.35,163.40,38500,7980000
RAIN_F2,07/28/2022,12:54:00,163.25,163.50,163.25,163.50,45500,8001000
RAIN_F2,07/28/2022,12:55:00,163.50,163.50,163.50,163.50,17500,8001000
RAIN_F2,07/28/2022,12:57:00,163.65,163.65,163.65,163.65,7000,8032500
RAIN_F2,07/28/2022,12:58:00,163.80,164.00,163.80,164.00,10500,8032500
RAIN_F2,07/28/2022,13:00:00,164.00,164.00,164.00,164.00,14000,8032500
RAIN_F2,07/28/2022,13:01:00,163.70,163.70,163.40,163.40,31500,8064000
RAIN_F2,07/28/2022,13:02:00,163.25,163.25,163.25,163.25,7000,8064000
RAIN_F2,07/28/2022,13:03:00,163.25,163.25,163.25,163.25,3500,8064000
RAIN_F2,07/28/2022,13:04:00,163.50,163.50,163.50,163.50,14000,8074500
RAIN_F2,07/28/2022,13:06:00,163.60,163.60,163.60,163.60,3500,8074500
RAIN_F2,07/28/2022,13:07:00,163.60,163.60,163.60,163.60,3500,8078000
RAIN_F2,07/28/2022,13:08:00,163.60,163.60,163.60,163.60,7000,8078000
RAIN_F2,07/28/2022,13:09:00,163.75,163.75,163.75,163.75,10500,8078000
RAIN_F2,07/28/2022,13:12:00,163.75,163.75,163.75,163.75,10500,8081500
RAIN_F2,07/28/2022,13:13:00,163.75,163.80,163.75,163.80,14000,8081500
RAIN_F2,07/28/2022,13:15:00,163.85,163.85,163.85,163.85,3500,8081500
RAIN_F2,07/28/2022,13:17:00,163.75,163.75,163.75,163.75,7000,8095500
RAIN_F2,07/28/2022,13:18:00,163.65,163.65,163.65,163.65,45500,8095500
RAIN_F2,07/28/2022,13:20:00,163.70,163.70,163.70,163.70,3500,8116500
RAIN_F2,07/28/2022,13:21:00,163.85,164.05,163.85,164.05,21000,8127000
RAIN_F2,07/28/2022,13:22:00,164.25,164.25,164.25,164.25,7000,8127000
RAIN_F2,07/28/2022,13:23:00,164.10,164.10,164.05,164.05,24500,8127000
RAIN_F2,07/28/2022,13:24:00,164.30,164.30,164.30,164.30,7000,8144500
RAIN_F2,07/28/2022,13:26:00,164.40,164.40,164.40,164.40,3500,8144500
RAIN_F2,07/28/2022,13:28:00,164.35,164.35,164.35,164.35,7000,8144500
RAIN_F2,07/28/2022,13:29:00,164.40,164.40,164.35,164.35,10500,8144500
RAIN_F2,07/28/2022,13:31:00,164.40,164.40,164.40,164.40,3500,8158500
RAIN_F2,07/28/2022,13:32:00,164.20,164.25,164.20,164.25,17500,8158500
RAIN_F2,07/28/2022,13:38:00,164.10,164.10,164.10,164.10,21000,8172500
RAIN_F2,07/28/2022,13:39:00,163.65,163.65,163.65,163.65,7000,8172500
RAIN_F2,07/28/2022,13:41:00,163.80,163.80,163.80,163.80,3500,8172500
RAIN_F2,07/28/2022,13:45:00,164.05,164.05,164.05,164.05,24500,8172500
RAIN_F2,07/28/2022,13:46:00,164.00,164.10,164.00,164.10,7000,8183000
RAIN_F2,07/28/2022,13:49:00,164.15,164.15,164.15,164.15,3500,8183000
RAIN_F2,07/28/2022,13:51:00,164.50,164.50,164.50,164.50,7000,8183000
RAIN_F2,07/28/2022,13:53:00,164.45,164.45,164.45,164.45,10500,8183000
RAIN_F2,07/28/2022,13:54:00,164.55,164.55,164.55,164.55,10500,8183000
RAIN_F2,07/28/2022,13:58:00,164.45,164.45,164.45,164.45,3500,8190000
RAIN_F2,07/28/2022,13:59:00,164.65,164.65,164.65,164.65,3500,8190000
RAIN_F2,07/28/2022,14:00:00,164.50,164.50,164.50,164.50,17500,8193500
RAIN_F2,07/28/2022,14:04:00,164.30,164.30,164.30,164.30,10500,8193500
RAIN_F2,07/28/2022,14:07:00,164.25,164.25,164.25,164.25,3500,8200500
RAIN_F2,07/28/2022,14:08:00,164.30,164.30,164.15,164.15,38500,8200500
RAIN_F2,07/28/2022,14:10:00,164.10,164.10,164.10,164.10,17500,8221500
RAIN_F2,07/28/2022,14:11:00,164.10,164.20,164.10,164.20,84000,8221500
RAIN_F2,07/28/2022,14:12:00,164.20,164.40,164.20,164.40,87500,8221500
RAIN_F2,07/28/2022,14:13:00,164.40,164.55,164.40,164.55,28000,8316000
RAIN_F2,07/28/2022,14:14:00,164.40,164.45,164.40,164.45,66500,8316000
RAIN_F2,07/28/2022,14:15:00,164.40,164.40,164.40,164.40,3500,8316000
RAIN_F2,07/28/2022,14:16:00,164.40,164.40,164.40,164.40,3500,8372000
RAIN_F2,07/28/2022,14:23:00,164.40,164.40,164.40,164.40,17500,8379000
RAIN_F2,07/28/2022,14:24:00,164.40,164.45,164.25,164.45,87500,8379000
RAIN_F2,07/28/2022,14:25:00,164.55,164.65,164.55,164.65,21000,8382500
RAIN_F2,07/28/2022,14:26:00,164.55,164.55,164.50,164.50,7000,8382500
RAIN_F2,07/28/2022,14:27:00,164.50,164.50,164.50,164.50,28000,8382500
RAIN_F2,07/28/2022,14:29:00,164.50,164.50,164.50,164.50,17500,8421000
RAIN_F2,07/28/2022,14:30:00,164.50,164.60,164.35,164.60,73500,8421000
RAIN_F2,07/28/2022,14:32:00,164.60,164.60,164.55,164.55,14000,8466500
RAIN_F2,07/28/2022,14:33:00,164.55,164.70,164.55,164.70,129500,8466500
RAIN_F2,07/28/2022,14:34:00,164.70,164.70,164.70,164.70,10500,8484000
RAIN_F2,07/28/2022,14:35:00,164.75,164.85,164.75,164.85,10500,8484000
RAIN_F2,07/28/2022,14:36:00,164.85,164.85,164.85,164.85,3500,8484000
RAIN_F2,07/28/2022,14:37:00,164.80,164.80,164.70,164.70,49000,8487500
RAIN_F2,07/28/2022,14:38:00,164.70,164.70,164.70,164.70,7000,8487500
RAIN_F2,07/28/2022,14:39:00,164.70,164.70,164.70,164.70,3500,8487500
RAIN_F2,07/28/2022,14:40:00,164.65,164.65,164.65,164.65,3500,8498000
RAIN_F2,07/28/2022,14:41:00,164.60,164.60,164.60,164.60,10500,8498000
RAIN_F2,07/28/2022,14:42:00,164.55,164.55,164.55,164.55,10500,8501500
RAIN_F2,07/28/2022,14:43:00,164.35,164.40,164.35,164.40,10500,8501500
RAIN_F2,07/28/2022,14:47:00,164.60,164.60,164.60,164.60,14000,8515500
RAIN_F2,07/28/2022,14:48:00,164.60,164.60,164.45,164.45,17500,8515500
RAIN_F2,07/28/2022,14:49:00,164.75,164.75,164.75,164.75,3500,8522500
RAIN_F2,07/28/2022,14:50:00,164.75,164.75,164.75,164.75,3500,8522500
RAIN_F2,07/28/2022,14:52:00,164.70,164.70,164.70,164.70,3500,8526000
RAIN_F2,07/28/2022,14:53:00,164.80,164.80,164.80,164.80,7000,8526000
RAIN_F2,07/28/2022,14:54:00,164.85,164.85,164.70,164.70,10500,8526000
RAIN_F2,07/28/2022,14:55:00,164.90,164.90,164.90,164.90,10500,8533000
RAIN_F2,07/28/2022,14:58:00,165.55,168.05,165.55,167.80,609000,8547000
RAIN_F2,07/28/2022,14:59:00,168.20,168.20,167.60,168.10,101500,8547000
RAIN_F2,07/28/2022,15:00:00,167.90,168.20,167.90,168.20,91000,8547000
RAIN_F2,07/28/2022,15:01:00,167.90,167.90,167.70,167.70,77000,8841000
RAIN_F2,07/28/2022,15:02:00,167.85,167.85,167.45,167.45,105000,8841000
RAIN_F2,07/28/2022,15:03:00,167.65,167.85,167.65,167.85,73500,8841000
RAIN_F2,07/28/2022,15:04:00,167.80,167.80,167.50,167.50,45500,8914500
RAIN_F2,07/28/2022,15:05:00,168.00,168.00,167.90,167.90,49000,8914500
RAIN_F2,07/28/2022,15:06:00,168.20,168.20,168.20,168.20,45500,8914500
RAIN_F2,07/28/2022,15:07:00,168.35,168.35,167.80,167.80,84000,8970500
RAIN_F2,07/28/2022,15:08:00,167.70,167.80,167.70,167.80,14000,8970500
RAIN_F2,07/28/2022,15:09:00,167.85,167.85,167.65,167.65,10500,8970500
RAIN_F2,07/28/2022,15:10:00,167.65,167.65,167.30,167.30,38500,8988000
RAIN_F2,07/28/2022,15:11:00,167.25,167.35,167.25,167.35,7000,8988000
RAIN_F2,07/28/2022,15:12:00,167.25,167.25,167.20,167.20,24500,8988000
RAIN_F2,07/28/2022,15:13:00,167.25,167.25,167.25,167.25,14000,9016000
RAIN_F2,07/28/2022,15:14:00,168.10,168.10,167.50,167.50,84000,9016000
RAIN_F2,07/28/2022,15:15:00,168.10,168.10,167.65,168.00,45500,9016000
RAIN_F2,07/28/2022,15:16:00,167.95,167.95,167.95,167.95,7000,9082500
RAIN_F2,07/28/2022,15:17:00,167.95,167.95,167.95,167.95,3500,9082500
RAIN_F2,07/28/2022,15:18:00,167.55,167.55,167.50,167.50,31500,9082500
RAIN_F2,07/28/2022,15:19:00,167.55,167.80,167.55,167.80,24500,9096500
RAIN_F2,07/28/2022,15:20:00,168.00,168.10,168.00,168.10,38500,9096500
RAIN_F2,07/28/2022,15:21:00,167.90,168.00,167.90,168.00,45500,9096500
RAIN_F2,07/28/2022,15:22:00,168.00,168.00,168.00,168.00,3500,9103500
RAIN_F2,07/28/2022,15:23:00,168.00,168.20,168.00,168.10,24500,9103500
RAIN_F2,07/28/2022,15:24:00,168.05,168.15,168.05,168.05,24500,9103500
RAIN_F2,07/28/2022,15:25:00,168.00,168.10,168.00,168.10,7000,9135000
RAIN_F2,07/28/2022,15:26:00,168.10,168.10,167.85,167.85,28000,9135000
RAIN_F2,07/28/2022,15:27:00,167.80,167.80,167.60,167.60,45500,9163000
RAIN_F2,07/28/2022,15:28:00,167.60,167.60,167.60,167.60,7000,9163000
RAIN_F2,07/28/2022,15:29:00,167.70,167.80,167.55,167.80,56000,9163000
RAIN_F2,07/28/2022,15:30:00,167.40,167.40,167.40,167.40,21000,9163000
RAIN_F2,07/29/2022,09:16:00,170.50,171.40,170.50,171.40,10501,217000
RAIN_F2,07/29/2022,09:18:00,171.80,171.80,171.80,171.80,10500,217000
RAIN_F2,07/29/2022,09:19:00,171.50,171.50,171.50,171.50,3500,217000
RAIN_F2,07/29/2022,09:21:00,172.35,172.35,172.35,172.35,10500,217000
RAIN_F2,07/29/2022,09:23:00,172.35,172.35,172.35,172.35,3500,217000
RAIN_F2,07/29/2022,09:26:00,173.45,173.45,173.45,173.45,3500,217000
RAIN_F2,07/29/2022,09:47:00,173.45,173.45,173.20,173.20,7000,224000
RAIN_F2,07/29/2022,09:48:00,172.60,172.60,172.60,172.60,24500,224000
RAIN_F2,07/29/2022,09:50:00,173.00,173.00,173.00,173.00,3500,227500
RAIN_F2,07/29/2022,09:54:00,172.90,172.90,172.90,172.90,7000,231000
RAIN_F2,07/29/2022,09:56:00,173.45,173.45,173.45,173.45,3500,231000
RAIN_F2,07/29/2022,10:05:00,174.90,174.90,174.90,174.90,7000,231000
RAIN_F2,07/29/2022,10:21:00,174.90,174.90,174.90,174.90,7000,231000
RAIN_F2,07/29/2022,10:39:00,174.10,174.10,174.10,174.10,10500,234500
RAIN_F2,07/29/2022,10:43:00,174.60,174.60,174.60,174.60,7000,231000
RAIN_F2,07/29/2022,10:59:00,174.60,174.60,174.60,174.60,3500,231000
RAIN_F2,07/29/2022,11:05:00,175.00,175.00,175.00,175.00,3500,234500
RAIN_F2,07/29/2022,11:06:00,175.30,176.15,175.30,176.15,17500,234500
RAIN_F2,07/29/2022,11:10:00,176.25,176.25,176.25,176.25,7000,234500
RAIN_F2,07/29/2022,11:27:00,176.25,176.25,176.25,176.25,7000,234500
RAIN_F2,07/29/2022,11:53:00,176.80,176.80,176.80,176.80,21000,238000
RAIN_F2,07/29/2022,11:54:00,176.65,176.65,176.65,176.65,3500,220500
RAIN_F2,07/29/2022,12:15:00,177.30,177.30,177.30,177.30,7000,220500
RAIN_F2,07/29/2022,12:16:00,177.30,177.30,177.30,177.30,10500,220500
RAIN_F2,07/29/2022,12:25:00,176.00,176.00,176.00,176.00,3500,227500
RAIN_F2,07/29/2022,12:26:00,175.65,175.65,175.65,175.65,3500,227500
RAIN_F2,07/29/2022,12:39:00,175.90,175.90,175.90,175.90,3500,234500
RAIN_F2,07/29/2022,13:02:00,175.95,175.95,175.95,175.95,3500,234500
RAIN_F2,07/29/2022,13:39:00,175.65,175.65,175.65,175.65,7000,234500
RAIN_F2,07/29/2022,14:04:00,176.00,176.00,176.00,176.00,3500,231000
RAIN_F2,07/29/2022,14:23:00,177.00,177.00,177.00,177.00,3500,231000
RAIN_F2,07/29/2022,14:24:00,177.00,177.00,177.00,177.00,14000,227500
RAIN_F2,07/29/2022,14:27:00,176.85,176.85,176.85,176.85,3500,220500
RAIN_F2,07/29/2022,14:31:00,176.65,176.65,176.65,176.65,3500,224000
RAIN_F2,07/29/2022,14:39:00,176.50,176.50,176.50,176.50,3500,227500
RAIN_F2,07/29/2022,14:54:00,176.55,176.55,176.55,176.55,7000,224000
RAIN_F2,07/29/2022,14:55:00,176.60,176.60,176.60,176.60,3500,224000
RAIN_F2,07/29/2022,14:57:00,178.05,178.05,178.05,178.05,10500,227500
RAIN_F2,07/29/2022,15:17:00,176.90,176.90,176.90,176.90,3500,231000
RAIN_F2,07/29/2022,15:22:00,177.60,177.60,177.20,177.20,10500,227500
RAIN_F2,07/29/2022,15:23:00,176.55,176.55,176.55,176.55,3500,227500
RAIN_F2,07/29/2022,15:26:00,176.05,176.10,176.05,176.10,7000,224000
RAIN_F2,07/29/2022,15:29:00,177.00,177.00,177.00,177.00,3500,217000
